PIECE NUM :411, DURATION :1022.144020s.
POSITION COEFFICIENT [X, Y, Z]
ROWS :3288, COLS :3.
2.497755 17.559206 -11.000000
0.000000 0.000000 0.000000
0.000000 0.000000 0.000000
0.000000 0.000000 0.000000
0.038197 -0.018303 0.017464
-0.012026 0.005338 -0.005110
0.001265 -0.000559 0.000520
-0.000045 0.000020 -0.000018
4.995509 15.118412 -9.000000
-0.438842 -0.623661 0.324709
-0.485420 0.059310 -0.134944
-0.003284 0.001231 -0.007156
0.020511 -0.005562 0.006933
0.000123 0.000401 0.000041
-0.000570 0.000276 -0.000226
0.000048 -0.000034 0.000021
1.574271 13.831894 -8.906495
-1.875195 -0.471230 -0.137990
0.034604 0.012898 -0.012911
0.098115 0.009068 0.023613
-0.004621 0.006490 -0.001958
-0.002132 0.000081 -0.000570
0.000265 -0.000319 0.000143
-0.000009 0.000028 -0.000009
-1.811410 13.175070 -9.000000
0.018611 0.296109 0.151814
0.358018 0.218634 0.065914
-0.035866 -0.003433 -0.000516
-0.009311 -0.009572 0.000020
0.000898 -0.000330 0.000198
0.000062 0.000275 -0.000060
-0.000006 -0.000018 0.000005
0.372044 15.668992 -7.384051
0.168608 0.226164 0.665032
-0.285110 -0.276073 0.055854
-0.021284 -0.019997 -0.004756
0.009196 0.009765 -0.000374
0.000296 0.000373 0.000255
-0.000113 -0.000215 0.000065
0.000002 0.000013 -0.000011
-1.555773 14.048190 -4.932622
-1.160632 -1.014334 0.979650
-0.023291 -0.020211 0.087774
0.059940 0.050600 0.018807
-0.000036 -0.001752 0.002069
-0.001392 -0.001073 -0.000617
-0.000072 0.000056 -0.000161
0.000027 0.000006 0.000022
-3.592743 12.232101 -2.326582
-0.608480 -0.585525 1.583773
0.226721 0.174309 0.176225
0.003947 0.003419 -0.005300
-0.010586 -0.007349 -0.007793
0.000206 0.000187 -0.000590
0.000327 0.000145 0.000165
-0.000036 -0.000013 -0.000001
-4.011465 11.678288 1.531786
0.080436 -0.036310 1.950051
0.057168 0.051492 -0.067173
-0.039948 -0.032097 -0.066630
0.001436 -0.000099 -0.003515
0.001006 0.000809 0.001379
-0.000199 -0.000045 0.000150
0.000013 -0.000002 -0.000024
-4.168087 11.234394 5.071157
-0.376933 -0.392232 -0.158254
-0.132750 -0.082914 -0.399635
-0.002497 0.012377 0.041982
0.001456 0.003426 0.014267
-0.000082 -0.000523 -0.000895
0.000087 -0.000092 -0.000385
-0.000009 0.000012 0.000037
-7.521776 9.252012 2.480087
-0.996082 -0.495750 -0.123682
0.079757 -0.052087 0.201438
0.041496 -0.031814 -0.041527
0.000952 -0.002893 -0.013346
-0.000969 0.001239 0.002410
-0.000159 0.000237 0.000656
0.000040 -0.000062 -0.000137
-8.606595 8.426727 2.544526
-0.574661 -0.805665 0.115269
0.228256 -0.174518 -0.029535
0.026441 -0.021017 -0.054171
-0.006400 0.006537 0.008772
-0.000758 0.000849 0.002589
0.000212 -0.000335 -0.000611
-0.000013 0.000028 0.000034
-7.900832 3.898799 2.063411
0.808167 -1.737957 -0.183540
0.070202 -0.018896 0.127302
-0.041804 0.031612 0.043733
-0.000533 0.000572 -0.006099
0.000476 0.000538 -0.001823
-0.000088 0.000304 0.000166
0.000019 -0.000083 0.000029
-6.632136 1.282163 2.200499
0.726507 -1.535145 0.396018
-0.118651 0.167703 0.194480
-0.036407 0.054027 -0.019792
0.002439 0.004863 -0.010433
0.000606 -0.000835 0.001198
0.000116 -0.000598 0.000482
-0.000027 0.000085 -0.000072
-5.890475 -0.678267 3.587763
-0.095960 -0.104358 0.755488
-0.216324 0.457828 -0.016999
0.014154 0.004448 -0.014072
0.007679 -0.015982 0.010650
-0.000456 -0.000474 0.000550
-0.000284 0.000655 -0.000585
0.000032 -0.000059 0.000052
-7.174114 1.721481 5.687331
-0.629263 1.483783 0.974745
0.014030 0.047922 0.133179
0.011950 -0.055058 0.007925
-0.007464 0.008504 -0.010046
-0.000177 0.001130 -0.001007
0.000319 -0.000456 0.000391
-0.000033 0.000038 -0.000018
-8.334307 4.472778 7.950924
-0.627415 1.319459 1.276569
-0.047172 -0.073489 -0.043379
-0.022322 0.005261 -0.059467
0.000340 0.003576 -0.002632
0.000976 -0.001188 0.002095
-0.000118 0.000052 0.000149
0.000004 0.000007 -0.000043
-9.926708 6.883191 9.883697
-1.015983 1.121318 0.482114
-0.120697 -0.033733 -0.289088
0.002630 -0.001246 0.002838
0.004056 -0.003152 0.015110
-0.000130 0.000043 0.000236
-0.000067 0.000153 -0.000459
0.000006 -0.000019 0.000033
-12.266571 8.874919 9.953493
-1.353446 0.907274 -0.213246
-0.034941 -0.087352 0.004382
0.022266 -0.011402 0.078029
0.000506 0.000941 -0.000072
-0.000459 0.000305 -0.002536
0.000010 -0.000107 -0.000020
0.000002 0.000013 0.000034
-15.041615 10.305066 10.136053
-1.230898 0.439962 0.593489
0.080233 -0.126516 0.283659
0.009649 -0.001457 -0.013462
-0.003015 0.001111 -0.016920
-0.000158 0.000110 0.000338
0.000038 0.000076 0.000480
0.000003 -0.000016 -0.000046
-16.992944 10.694011 11.910637
-0.918820 0.002645 1.148446
0.071181 -0.100106 -0.046296
-0.011621 0.013140 -0.085374
-0.001838 0.002420 0.000226
0.000494 -0.000205 0.002354
0.000081 -0.000134 -0.000111
-0.000016 0.000018 -0.000009
-18.886324 10.370553 13.406551
-0.781632 -0.193754 -0.132867
0.004903 0.009932 -0.399863
0.001521 0.009074 0.006038
0.003395 -0.003114 0.014863
-0.000182 -0.000107 -0.000127
-0.000179 0.000148 -0.000248
0.000021 -0.000017 0.000014
-20.554378 10.014422 11.476179
-0.645929 -0.130610 -1.252922
0.054471 0.000993 0.003718
0.000836 -0.005479 0.089185
-0.003829 0.000326 -0.000098
-0.000332 0.000116 -0.002018
0.000157 -0.000115 -0.000030
-0.000010 0.000014 0.000022
-22.006788 9.596760 9.571715
-0.596567 -0.235983 0.110507
-0.068242 -0.051236 0.377108
-0.022574 -0.012333 -0.021684
0.001471 -0.001335 -0.015937
0.000694 0.000268 0.000568
-0.000024 0.000135 0.000365
-0.000004 -0.000016 -0.000033
-24.520407 8.267886 11.614890
-1.206386 -0.762699 0.751632
-0.072857 -0.091396 -0.213238
0.028999 0.018952 -0.066013
0.005168 0.006083 0.009666
-0.000399 -0.000086 0.001267
-0.000106 -0.000177 -0.000282
0.000009 0.000013 0.000013
-27.964243 6.032701 9.162800
0.279560 0.359329 -1.405532
0.269894 0.223408 0.002703
-0.026153 -0.030918 0.042738
-0.008299 -0.009770 -0.004764
0.000417 0.000421 -0.000683
0.000167 0.000215 0.000137
-0.000014 -0.000017 -0.000006
-25.581102 7.731528 5.196145
0.415558 -0.163439 -0.784098
-0.217725 -0.349395 0.046703
-0.018941 -0.019447 -0.021568
0.008847 0.011329 -0.000265
0.000261 0.000405 0.000658
-0.000182 -0.000217 -0.000012
0.000011 0.000013 -0.000004
-26.162921 4.369395 2.754339
-0.549083 -1.646642 -0.889893
0.003221 0.011225 -0.018071
0.043890 0.072717 0.016535
-0.001479 0.000116 0.003771
-0.000886 -0.001028 -0.000416
0.000057 0.000060 -0.000106
0.000003 -0.000002 0.000012
-26.905891 1.291392 0.564456
0.199959 -0.034625 -0.436820
0.165916 0.453339 0.154310
-0.013549 0.011521 0.003520
-0.004906 -0.009082 -0.005334
0.000571 -0.000371 -0.000134
0.000111 0.000015 0.000138
-0.000012 0.000015 -0.000007
-25.930123 3.175742 0.263441
0.612780 1.674365 0.079485
0.024900 0.263629 0.055347
-0.016467 -0.068850 -0.026391
0.004780 -0.007005 0.000224
0.000888 0.001233 0.000959
-0.000061 0.000237 0.000034
-0.000026 -0.000041 -0.000027
-25.013529 5.926552 0.421690
0.655028 1.952915 0.096997
0.033142 -0.076409 -0.028784
0.022234 -0.075396 -0.007034
0.006552 0.005073 0.005375
-0.000777 0.001502 0.000068
-0.000322 -0.000175 -0.000238
0.000042 0.000003 0.000023
-22.324434 9.609674 0.567670
1.492216 0.514019 0.091381
0.215665 -0.294645 0.043128
-0.013872 0.027908 0.004186
-0.009797 0.008174 -0.003941
0.000660 -0.000885 -0.000193
0.000496 -0.000114 0.000207
-0.000070 0.000012 -0.000019
-18.230094 9.741774 0.945715
1.997514 -0.158013 0.199486
0.005559 0.009962 -0.013250
-0.019369 0.041586 -0.011012
0.007164 -0.005668 0.002016
-0.000093 -0.001181 0.000598
-0.000608 0.000070 -0.000089
0.000079 0.000018 -0.000004
-14.028094 9.694510 1.263042
1.916083 0.140502 0.106420
-0.047683 0.045378 -0.002226
-0.023471 -0.033661 0.013014
-0.008582 -0.007250 0.000855
-0.000350 0.001471 -0.000954
0.000568 0.000345 -0.000154
-0.000054 -0.000053 0.000035
-9.970832 9.625464 1.683488
0.677538 -0.393038 0.147420
-0.395251 -0.135803 -0.072093
-0.016356 0.034434 -0.044315
0.011655 0.013196 -0.004454
0.000426 -0.001331 0.002019
-0.000474 -0.000684 0.000514
0.000046 0.000104 -0.000115
-10.019454 8.770213 1.451417
-0.661042 -0.357447 -0.516761
-0.286777 0.164444 -0.244544
0.043023 0.044085 0.007681
0.001700 -0.010944 0.015262
-0.001566 -0.001600 -0.000312
0.000108 0.000634 -0.000942
0.000011 -0.000051 0.000116
-12.588741 9.030092 -0.647083
-1.382842 0.538043 -1.063866
-0.065720 0.122108 0.016778
0.012682 -0.036916 0.014920
-0.002957 -0.000625 -0.013796
0.001177 0.001467 -0.000362
0.000287 -0.000193 0.000935
-0.000069 0.000005 -0.000111
-15.279239 10.220049 -2.592058
-1.484617 0.657937 -1.126991
0.036184 -0.033892 -0.092166
0.038726 -0.013860 -0.027000
0.007340 0.004174 0.006121
-0.000581 -0.000305 0.002062
-0.000606 -0.000128 -0.000495
0.000081 0.000019 0.000033
-17.582842 11.261894 -5.031320
-0.869963 0.469393 -1.522034
0.293710 -0.057969 -0.060380
0.030800 -0.001579 0.039015
-0.010920 -0.000873 0.007173
-0.001508 -0.000343 -0.001062
0.000437 0.000121 -0.000074
-0.000024 -0.000008 0.000010
-17.366663 11.923153 -9.000000
0.252350 -0.197996 0.095685
-0.184773 -0.089013 0.344306
-0.048515 0.012285 -0.021234
0.008626 0.003631 -0.010578
0.000912 -0.000041 0.000265
-0.000230 -0.000096 0.000188
0.000011 0.000006 -0.000013
-20.766880 11.237627 -6.299814
-1.223042 0.329107 -0.115415
0.070255 0.140481 -0.317457
0.032348 -0.013759 0.007824
-0.004994 -0.005577 0.012259
-0.000445 0.000192 -0.000124
0.000131 0.000113 -0.000216
-0.000008 -0.000009 0.000014
-23.807970 13.008287 -9.000000
-0.363852 0.024095 -0.189018
0.031226 -0.196949 0.347045
-0.018779 -0.006417 0.028700
0.000602 0.005349 -0.011303
0.000118 -0.000142 -0.000601
-0.000085 -0.000140 0.000177
0.000011 0.000015 -0.000002
-24.942935 11.677932 -6.941602
-0.583870 -0.890379 1.422976
-0.108137 -0.106393 0.088065
-0.015828 0.013496 -0.071236
0.000889 -0.001529 -0.000663
0.000533 -0.000046 0.002042
0.000135 0.000152 0.000142
-0.000036 -0.000024 -0.000056
-26.261293 9.965522 -4.648089
-1.030525 -1.153207 1.196597
-0.142051 -0.055957 -0.182485
0.007547 0.009419 -0.021549
0.005213 0.000429 0.013202
-0.000167 0.000051 0.000242
-0.000276 -0.000132 -0.000504
0.000039 0.000021 0.000048
-28.775504 7.503542 -2.959921
-1.390443 -1.262314 0.573610
-0.024343 -0.002705 -0.063382
0.020372 0.005342 0.039929
-0.002015 -0.001164 -0.001251
-0.000164 0.000218 -0.001765
0.000277 0.000160 0.000171
-0.000042 -0.000028 0.000005
-31.574899 4.950343 -1.781523
-1.279582 -1.206793 0.657758
0.077279 0.040841 0.048145
0.018762 0.015453 -0.011579
0.001147 0.002852 -0.006948
-0.000442 -0.000241 0.000809
-0.000322 -0.000235 0.000248
0.000048 0.000031 -0.000036
-34.025902 2.499180 -0.185517
-0.669460 -0.675929 0.494974
0.103704 0.151338 -0.101056
-0.031977 -0.002056 -0.002972
-0.008699 -0.005508 0.006764
0.000878 0.000191 -0.000127
0.000500 0.000293 -0.000374
-0.000079 -0.000042 0.000047
-35.101037 1.729037 0.406038
-0.709671 -0.255382 0.226394
-0.132816 0.076791 -0.035981
-0.038699 -0.017232 0.016010
0.007024 0.001709 -0.002614
0.001055 0.000578 -0.001026
-0.000466 -0.000219 0.000202
0.000051 0.000023 -0.000001
-37.411705 1.412567 0.797749
-1.506406 -0.080667 0.137882
-0.184399 0.022372 -0.042109
0.015565 -0.002497 -0.014600
0.003841 0.000625 -0.000288
-0.000052 -0.000073 0.001428
0.000292 0.000116 0.000184
-0.000092 -0.000030 -0.000076
-40.128938 1.335712 0.867308
-1.904557 -0.018256 -0.059771
-0.049322 0.021637 -0.058780
0.041283 0.002314 0.016605
0.001806 0.000355 0.007467
-0.002044 -0.000504 -0.000737
-0.000717 -0.000209 -0.000646
0.000220 0.000065 0.000109
-42.781966 1.356580 0.735142
-1.831222 0.046774 -0.074271
0.072697 0.017083 0.053430
0.001620 -0.008248 0.023162
-0.012501 -0.003060 -0.006246
0.000953 0.000416 -0.001701
0.001432 0.000428 0.000416
-0.000287 -0.000089 -0.000019
-45.364194 1.427790 0.778907
-1.704791 0.025369 0.130296
0.006813 -0.028626 0.046467
-0.007007 -0.004438 -0.027159
0.009018 0.004023 -0.007326
0.000497 0.000150 0.001120
-0.001535 -0.000488 0.000220
0.000276 0.000075 -0.000034
-47.962736 1.401586 0.961339
-1.641683 -0.049858 0.012304
0.041729 -0.013999 -0.130201
0.002566 0.002909 -0.036270
-0.006429 -0.002654 0.004813
0.000098 -0.000638 0.001463
0.001448 0.000318 -0.000146
-0.000285 -0.000038 -0.000022
-50.451907 1.281607 0.559343
-1.535127 -0.118650 -0.556852
0.037496 -0.042946 -0.191022
0.016160 -0.013000 0.013955
0.009303 -0.001077 0.007849
-0.001011 0.000380 -0.001076
-0.001684 -0.000102 -0.000392
0.000333 0.000023 0.000080
-52.684680 0.933205 -0.703893
-1.244632 -0.359482 -0.979518
0.125157 -0.110392 -0.070169
-0.010199 -0.013450 0.023296
-0.015770 0.001218 -0.004267
0.000433 0.000596 -0.000606
0.001989 0.000148 0.000492
-0.000350 -0.000051 -0.000071
-54.458984 0.045180 -2.369860
-1.081906 -0.770056 -1.091890
-0.029222 -0.128859 -0.016120
-0.018120 0.009851 0.004543
0.013811 0.004434 -0.000399
0.000838 -0.000678 0.000331
-0.001904 -0.000415 -0.000295
0.000316 0.000099 0.000054
-56.151521 -1.354872 -4.033264
-1.145754 -1.058735 -1.115743
0.009817 -0.063144 -0.003680
0.010975 0.010771 -0.000751
-0.006867 -0.002910 -0.001481
-0.001350 0.000295 0.000237
0.001419 0.000631 0.000274
-0.000209 -0.000123 -0.000046
-57.764608 -2.972603 -5.641104
-1.120487 -1.185851 -1.136150
-0.004054 -0.019946 -0.006717
-0.003504 0.019000 0.004932
0.005621 0.005931 0.003922
0.001855 0.000415 0.000618
-0.000672 -0.000603 -0.000185
0.000061 0.000077 0.000006
-59.485746 -4.759185 -7.376818
-1.050795 -1.034655 -1.054139
0.083300 0.131895 0.081075
0.038203 0.036380 0.031530
0.003701 -0.002551 0.002806
-0.001322 -0.001300 -0.000803
-0.000010 0.000235 -0.000120
0.000011 -0.000012 0.000020
-60.974285 -6.129431 -9.000000
0.079566 0.018770 -0.064952
0.318307 0.217868 0.267926
0.003503 -0.013867 -0.001373
-0.007896 -0.003374 -0.007570
-0.000040 0.000629 0.000039
0.000180 0.000020 0.000231
-0.000013 -0.000007 -0.000020
-57.564152 -4.145366 -6.797095
1.451475 0.908500 0.960405
0.015557 0.065104 0.010808
-0.026084 -0.001934 -0.009626
0.004796 0.001139 0.005309
0.000332 -0.000706 -0.000333
-0.000145 -0.000147 -0.000266
0.000011 0.000031 0.000035
-54.202275 -1.660353 -4.458356
1.341878 1.105114 1.003932
-0.014141 -0.027457 0.005459
0.012125 -0.036256 -0.010520
0.001778 -0.005155 -0.004726
-0.000382 0.000883 0.000054
0.000045 0.000368 0.000320
-0.000007 -0.000053 -0.000035
-50.685238 0.310564 -2.191692
1.552002 0.256487 0.672883
0.095905 -0.247002 -0.126910
0.010089 0.010790 -0.002054
-0.002783 0.011434 0.006755
-0.000668 -0.000585 0.000219
-0.000083 -0.000563 -0.000298
0.000025 0.000070 0.000027
-46.650912 -0.043990 -1.179308
1.918135 -0.377594 0.327903
-0.002499 -0.023397 0.009175
-0.046224 0.017588 0.025450
-0.006589 -0.010043 -0.002948
0.000904 -0.000638 -0.000954
0.000313 0.000555 0.000127
-0.000040 -0.000052 -0.000002
-42.780598 -1.160248 -0.124174
0.971805 -0.658459 0.548965
-0.349647 -0.143966 0.016131
-0.015552 -0.021627 -0.025733
0.012233 0.005368 -0.004411
0.000568 0.001049 0.000625
-0.000359 -0.000323 0.000090
0.000023 0.000021 -0.000011
-42.871078 -6.105000 0.352542
-0.234220 -1.525535 -0.658827
0.129226 -0.012344 -0.194013
0.018785 0.002806 0.025205
-0.010194 -0.004747 0.005671
-0.000080 0.000342 -0.000860
0.000306 0.000265 -0.000212
-0.000026 -0.000031 0.000031
-42.662737 -10.330273 -2.177810
0.244094 -1.669601 -1.036418
-0.012276 -0.015706 0.013894
-0.025925 0.021325 -0.000608
0.004009 0.007243 -0.007728
0.000916 -0.000100 0.000397
-0.000181 -0.000321 0.000370
0.000009 0.000030 -0.000041
-42.318759 -14.282420 -5.177519
0.038948 -0.921482 -1.274885
0.018355 0.291407 -0.078163
0.029714 0.021192 0.015445
0.002619 -0.008468 0.009869
-0.000651 -0.000628 0.000046
-0.000010 0.000256 -0.000413
0.000003 -0.000015 0.000035
-40.495670 -14.193762 -9.000000
1.277119 0.586877 -0.311248
0.246708 0.016836 0.284495
-0.011226 -0.033683 -0.015013
-0.006785 0.004861 -0.011960
-0.000152 0.000698 0.000752
0.000056 -0.000134 0.000478
0.000005 0.000003 -0.000058
-36.559169 -12.998186 -8.624362
1.908759 0.414724 0.407612
-0.035893 -0.028072 0.014840
-0.062936 0.018349 -0.024911
-0.001768 0.003440 0.010145
0.001218 -0.000839 0.000922
0.000142 -0.000088 -0.000453
-0.000026 0.000019 0.000032
-32.892422 -11.775668 -7.475811
0.679378 0.658846 0.633349
-0.354564 0.093508 0.158002
0.005953 -0.002887 0.035691
0.012205 -0.005097 -0.003680
-0.000229 0.000342 -0.001630
-0.000331 0.000242 0.000120
0.000030 -0.000028 0.000008
-33.077116 -9.369355 -3.994669
-0.401774 0.930428 1.693907
0.031605 0.028152 0.053260
0.041655 0.013936 -0.064574
-0.007242 0.006229 -0.005381
-0.000751 -0.000408 0.001873
0.000270 -0.000329 0.000287
-0.000019 0.000038 -0.000055
-33.542793 -6.726563 -0.561481
0.040411 1.457378 0.938772
0.083153 0.185722 -0.289391
-0.017823 0.004589 0.003571
-0.002217 -0.008772 0.015215
0.000881 -0.000691 -0.000509
-0.000039 0.000289 -0.000625
-0.000003 -0.000019 0.000071
-33.241048 -2.621204 0.432329
0.138338 1.954506 0.166270
-0.022828 -0.046394 -0.011513
-0.003997 -0.060719 0.034928
0.003652 -0.001930 -0.009801
0.000045 0.001197 -0.001272
-0.000083 -0.000014 0.000513
0.000006 -0.000006 -0.000037
-32.845871 1.328247 0.962626
0.239259 0.134079 -0.015099
0.085482 -0.418393 -0.143612
0.014221 0.005591 -0.020173
-0.001733 0.008603 0.006452
-0.000324 -0.000262 0.000776
0.000045 -0.000140 -0.000297
-0.000002 0.000013 0.000021
-31.265156 -1.148683 -0.294892
0.853764 -1.520030 -0.729982
0.081556 -0.093828 -0.029714
-0.016530 0.047589 0.027419
-0.002642 -0.001631 -0.001687
0.000073 -0.000389 -0.000673
0.000001 0.000126 0.000130
0.000007 -0.000016 -0.000007
-29.371066 -4.264178 -1.716424
0.901464 -1.380763 -0.600928
-0.073167 0.143885 0.067644
-0.030438 0.029698 0.003762
0.000316 -0.002545 -0.002408
0.000717 -0.000259 0.000341
0.000104 -0.000104 0.000036
-0.000018 0.000015 -0.000006
-27.931599 -6.684294 -3.018990
-0.008300 -0.000127 -0.010632
0.076530 0.006468 0.105311
0.064685 -0.052098 0.010101
-0.000183 0.001005 -0.000991
-0.002765 0.002310 -0.000907
-0.000392 0.000317 -0.000140
0.001082 -0.000987 0.000451
-27.931599 -6.684294 -3.018990
0.008946 -0.000391 0.010731
0.095899 -0.009080 0.108273
0.064331 -0.051462 0.009612
-0.001587 0.002172 -0.001450
-0.002773 0.002293 -0.000896
0.000365 -0.000374 0.000176
-0.000015 0.000018 -0.000010
-24.213909 -8.467466 -1.345245
1.737601 -0.836614 0.629469
0.029629 -0.000829 -0.017636
-0.067231 0.031750 -0.016660
-0.001827 -0.001681 0.001591
0.001115 -0.000665 0.000126
-0.000042 0.000128 -0.000091
-0.000000 -0.000007 0.000008
-20.408726 -10.436188 0.103610
-0.026239 -0.188927 0.111153
-0.431298 0.131073 -0.133521
0.001606 -0.001882 -0.014899
0.009523 -0.000989 -0.001186
0.000218 0.000161 0.000177
-0.000046 -0.000046 0.000096
-0.000009 0.000003 -0.000008
-22.782223 -10.147658 -0.703868
-1.558827 0.380472 -0.837255
-0.071672 0.083986 -0.222848
0.083629 -0.011960 0.003057
0.002846 -0.001612 0.005457
-0.001684 -0.000123 0.000508
-0.000206 0.000009 -0.000052
0.000049 0.000006 -0.000011
-25.088432 -9.398009 -2.524996
-1.176776 0.528134 -1.419584
0.290780 0.000645 -0.114414
0.054173 -0.023295 0.043640
-0.011431 -0.001502 0.006054
-0.001098 0.000247 -0.000542
0.000331 0.000070 -0.000170
-0.000018 -0.000007 0.000015
-24.424509 -8.833886 -6.678640
0.946162 -0.480864 0.150590
-0.000453 -0.121161 0.283942
-0.033855 0.027049 -0.042241
0.007043 0.004758 -0.011458
0.000583 -0.000503 0.000782
-0.000199 -0.000129 0.000274
0.000011 0.000014 -0.000026
-21.800980 -10.473248 -5.404197
0.807235 -0.238822 -0.025626
0.058402 0.161454 -0.315237
0.026403 0.005186 -0.026940
-0.001297 -0.006989 0.013487
-0.000888 -0.000025 0.000626
0.000043 0.000179 -0.000290
0.000004 -0.000014 0.000016
-17.878269 -9.964533 -8.434364
1.483633 0.265126 -1.191517
0.018163 -0.051952 0.156581
-0.040281 -0.017455 0.076679
-0.003368 0.004485 -0.003777
0.000976 0.000280 -0.001393
0.000142 -0.000149 0.000090
-0.000024 0.000011 0.000003
-14.275626 -9.770160 -9.000000
0.581945 -0.085665 1.068052
-0.205138 -0.014102 0.378708
0.020059 0.011060 -0.041265
0.007641 -0.001426 -0.009479
-0.001139 -0.000317 0.000842
-0.000369 0.000085 0.000150
0.000058 -0.000006 -0.000018
-13.676098 -9.954448 -5.307900
0.089454 -0.062170 1.855947
-0.039421 0.006981 -0.058032
-0.001618 -0.003481 -0.065522
-0.010183 -0.000747 0.004352
0.000055 0.000236 0.000967
0.000545 -0.000004 -0.000132
-0.000054 -0.000001 0.000006
-14.127544 -10.147828 -1.689914
-0.620409 -0.103483 0.615766
-0.216508 -0.014659 -0.296628
0.005459 0.001565 0.010216
0.012688 0.001077 0.006843
0.000586 -0.000035 -0.000315
-0.000479 -0.000030 -0.000027
0.000034 0.000003 0.000001
-17.292915 -10.538457 -1.987960
-0.046218 -0.023561 -0.039703
0.320704 0.024406 0.202917
-0.013721 -0.002589 0.042068
-0.015397 -0.001102 -0.004074
0.000485 0.000110 -0.000661
0.000471 0.000042 -0.000001
-0.000045 -0.000005 0.000009
-15.669508 -10.500600 0.873613
0.404325 0.008531 1.771661
-0.175065 -0.004388 0.191440
-0.011536 0.002162 -0.045935
0.013443 0.000692 -0.003622
-0.000350 -0.000304 0.001419
-0.000556 -0.000084 0.000212
0.000063 0.000019 -0.000049
-15.502214 -10.484297 5.236157
-0.124268 0.003070 1.984749
-0.024058 -0.012016 -0.044089
0.022851 -0.009115 -0.003365
-0.007305 -0.001755 0.009183
-0.001233 0.000501 -0.000778
0.000423 0.000205 -0.000543
-0.000029 -0.000035 0.000079
-15.843948 -10.634435 9.496827
-0.247030 -0.163029 1.936549
-0.099795 -0.035418 0.011736
-0.034690 0.014783 -0.011482
-0.000868 0.005601 -0.009433
0.001418 -0.000355 0.000087
-0.000022 -0.000334 0.000674
-0.000012 0.000041 -0.000077
-17.613207 -10.898670 14.082244
-1.233941 0.106619 1.447414
-0.204744 0.117612 -0.177145
0.023603 -0.002082 0.007644
0.007891 -0.007847 0.012497
-0.000616 0.000133 -0.000225
-0.000242 0.000398 -0.000715
0.000026 -0.000047 0.000085
-20.581641 -10.341622 16.463013
-1.602913 0.367111 1.111626
0.033724 -0.007471 0.033881
0.038322 -0.022799 0.032443
-0.005397 0.003971 -0.008748
-0.001361 0.000959 -0.001753
0.000117 -0.000259 0.000457
0.000017 0.000019 -0.000022
-23.493495 -9.734627 18.939796
-1.256699 0.225555 1.293013
0.062997 -0.020153 -0.029716
-0.031434 0.017144 -0.047191
-0.006944 0.003441 -0.004762
0.001554 -0.000506 0.001918
0.000364 0.000017 0.000148
-0.000061 -0.000004 -0.000042
-26.504889 -9.045245 21.183308
-1.510633 0.506693 0.453794
-0.114684 0.148757 -0.267767
0.016008 0.022713 0.005564
0.013787 -0.002532 0.011090
-0.000234 -0.000661 -0.000738
-0.000622 -0.000040 -0.000532
0.000070 0.000015 0.000080
-29.020723 -7.818975 21.311901
-1.574724 1.081119 -0.218220
0.112551 0.192168 -0.138804
0.063574 -0.009293 0.032811
-0.001542 -0.007144 -0.003565
-0.002469 -0.000257 -0.001628
0.000147 0.000125 0.000343
0.000020 0.000001 -0.000016
-30.958437 -5.800607 20.745657
-0.869567 1.500081 -0.491209
0.309697 0.051784 -0.071086
0.011233 -0.049625 -0.005439
-0.012698 -0.004574 -0.006029
-0.000134 0.000954 0.000719
0.000364 0.000140 0.000171
-0.000029 -0.000018 -0.000020
-31.274431 -2.151126 17.927769
0.236188 0.324639 -1.342638
-0.040864 -0.297763 -0.123492
-0.030243 0.017262 0.032482
0.008300 0.011447 0.009056
0.000599 -0.000310 -0.000319
-0.000289 -0.000269 -0.000278
0.000020 0.000022 0.000024
-31.087425 -2.717671 13.932836
0.059683 0.062078 -0.232348
0.075784 0.233532 0.386756
0.013427 0.023372 0.005986
-0.005066 -0.010201 -0.011559
-0.000392 -0.000180 0.000099
0.000196 0.000282 0.000317
-0.000013 -0.000023 -0.000028
-30.077614 0.073875 16.793049
0.366227 1.266184 1.421007
-0.030577 0.038691 0.047218
-0.008654 -0.018960 -0.020462
0.003858 0.004567 0.006230
0.000290 -0.000021 -0.000426
-0.000130 -0.000266 -0.000367
0.000010 0.000033 0.000050
-29.405358 2.993753 20.098388
0.274049 1.295481 1.469961
0.023116 -0.015490 -0.031280
0.019926 -0.010076 -0.025084
0.001159 -0.002777 -0.006646
-0.000421 -0.000119 -0.000100
0.000025 0.000252 0.000416
-0.000002 -0.000026 -0.000040
-28.274160 5.880265 22.978764
0.757057 0.940907 0.599238
0.160485 -0.119937 -0.321354
0.010919 -0.003026 -0.023720
-0.002658 0.004935 0.008993
-0.000266 0.000237 0.000904
-0.000004 -0.000204 -0.000280
0.000004 0.000016 0.000016
-23.980035 8.073983 21.695084
1.660445 0.565988 -0.977836
0.019264 0.025160 -0.000422
-0.040494 0.005972 0.059954
-0.002781 -0.004714 -0.001381
0.000547 -0.000167 -0.000864
0.000085 0.000163 0.000104
-0.000009 -0.000013 -0.000005
-19.665535 10.081377 20.397121
0.332065 0.361193 0.663026
-0.282294 -0.102061 0.330624
0.015370 -0.004610 -0.006289
0.008500 0.003621 -0.005426
-0.000132 -0.000042 -0.000067
-0.000148 -0.000152 -0.000030
0.000008 0.000020 0.000010
-20.042049 10.392204 23.654013
-0.366990 -0.063692 1.832173
0.047515 -0.058287 0.086464
0.057983 0.008424 -0.059554
-0.001966 -0.000525 -0.004046
-0.001260 0.000157 0.000696
-0.000008 0.000179 0.000135
0.000022 -0.000033 -0.000015
-20.200178 10.107253 27.118095
0.350870 -0.181008 1.422679
0.259853 0.011495 -0.286190
0.003565 0.020384 -0.051463
-0.009045 0.002577 0.006717
0.000416 -0.000435 0.001075
0.000290 -0.000279 -0.000071
-0.000033 0.000036 -0.000008
-17.424395 10.150202 28.252308
1.420100 0.297739 -0.597081
0.101093 0.078534 -0.254331
-0.008613 -0.030570 0.059883
0.005173 -0.008109 0.006544
-0.000315 0.001004 -0.001576
-0.000376 0.000448 -0.000239
0.000046 -0.000063 0.000047
-13.445813 10.761909 26.245266
1.873274 -0.008206 -0.732363
0.064003 -0.166111 0.144975
-0.027575 -0.000043 0.020058
-0.008729 0.011983 -0.010312
-0.000124 -0.000228 0.000673
0.000402 -0.000618 0.000550
-0.000039 0.000087 -0.000094
-10.577644 10.418839 25.490977
1.764609 -0.374477 -0.258653
-0.162894 -0.042034 0.145088
-0.062520 0.040292 -0.005869
-0.000438 -0.000593 0.002405
0.001661 -0.001652 0.001128
-0.000013 0.000307 -0.000451
-0.000016 -0.000019 0.000040
-8.056632 9.742484 25.673527
0.222909 -0.092485 0.453204
-0.433061 0.119004 0.182321
0.002087 0.003527 0.005196
0.010873 -0.003431 -0.003485
-0.000269 0.000450 -0.000706
-0.000268 -0.000001 0.000184
0.000029 -0.000006 -0.000010
-10.155514 10.321966 28.145957
-1.446407 0.465658 1.225270
-0.115465 0.067463 0.047771
0.047666 -0.011559 -0.029209
-0.002232 -0.001339 0.000652
-0.000134 -0.000432 0.000811
0.000285 -0.000106 0.000001
-0.000046 0.000034 -0.000011
-12.953094 11.317078 30.421646
-1.423253 0.532518 1.162571
0.124443 -0.055302 -0.054518
0.043689 -0.035836 -0.000961
0.000891 -0.003227 0.005729
-0.000308 0.000847 0.000013
-0.000316 0.000336 -0.000144
0.000040 -0.000052 0.000008
-15.072639 11.800605 32.976299
-0.215348 -0.269203 1.134269
0.337189 -0.230476 0.074444
-0.004012 0.011296 0.024409
-0.010898 0.010828 -0.002537
-0.000200 -0.000436 -0.001140
0.000332 -0.000520 -0.000020
-0.000026 0.000060 0.000020
-13.918703 10.126287 36.509235
0.825910 -0.819817 1.606672
0.002986 0.011329 0.009084
-0.056601 0.010205 -0.051634
0.003817 -0.010719 -0.007311
0.001363 -0.000282 0.001304
-0.000126 0.000540 0.000342
-0.000003 -0.000054 -0.000049
-12.471822 7.967019 39.666866
0.206505 -1.070901 0.602712
-0.146985 -0.152422 -0.349269
0.022344 -0.020088 -0.004215
0.007146 0.006748 0.014070
-0.000981 0.000731 -0.000020
-0.000187 -0.000404 -0.000519
0.000027 0.000041 0.000053
-12.375926 4.395938 39.412751
0.071591 -1.801104 -0.553207
0.078101 -0.093264 -0.059589
0.012393 0.022397 0.047456
-0.007992 0.000287 -0.005342
-0.000393 -0.000094 -0.000940
0.000268 0.000292 0.000393
-0.000021 -0.000044 -0.000038
-11.957703 0.682894 38.367520
0.289036 -1.873144 -0.416256
-0.016452 0.076338 0.089723
-0.035708 0.042392 0.009111
-0.001822 0.004630 -0.001862
0.001095 -0.000201 0.000625
-0.000015 -0.000310 -0.000128
-0.000008 0.000030 0.000008
-11.943272 -2.845255 38.022434
-0.458377 -0.427167 0.193595
-0.206280 0.425904 0.128274
0.003006 0.013033 -0.000156
0.005801 -0.011067 -0.001670
-0.000362 -0.000629 -0.000182
-0.000167 0.000256 0.000027
0.000019 -0.000013 -0.000000
-14.986655 -0.630438 39.706170
-1.301922 1.339142 0.748595
-0.068223 -0.012394 0.009913
0.001370 -0.073244 -0.022619
-0.003945 0.002995 -0.000600
0.000444 0.001511 0.000311
0.000252 -0.000030 0.000025
-0.000035 -0.000013 -0.000007
-18.384821 1.666066 41.210415
-1.662757 0.451222 0.450960
-0.070936 -0.268484 -0.127043
0.016002 0.014629 -0.012903
0.006411 0.012588 0.001780
0.000072 -0.000315 -0.000174
-0.000306 -0.000234 -0.000095
0.000029 0.000007 0.000023
-21.130146 1.835576 41.562569
-1.674573 -0.113930 -0.036035
0.084126 -0.038436 -0.173218
0.040437 0.069535 -0.008532
-0.000648 0.002001 0.000008
-0.001314 -0.002201 0.000144
0.000018 -0.000158 0.000161
0.000018 0.000057 -0.000026
-23.703272 1.901839 40.867435
-1.040580 0.367971 -0.736595
0.223271 0.246898 -0.195009
0.000685 0.013210 0.006013
-0.007954 -0.013830 0.003853
0.000142 0.000095 0.000078
0.000247 0.000575 -0.000173
-0.000025 -0.000064 0.000019
-25.158759 4.176981 37.987489
-0.277258 1.234071 -1.415940
0.042278 0.045001 -0.055000
-0.027323 -0.026594 0.020451
0.003111 0.006170 -0.001294
0.000471 0.000195 -0.000062
-0.000203 -0.000561 0.000155
0.000019 0.000069 -0.000021
-25.756625 6.865678 34.882137
-0.342819 1.218626 -1.399534
-0.047904 -0.048769 0.063871
-0.005285 -0.024229 0.021539
0.000562 -0.006604 0.001493
-0.000351 -0.000356 -0.000092
0.000075 0.000476 -0.000160
-0.000005 -0.000044 0.000017
-27.176760 9.065032 31.978975
-0.725227 0.057015 -0.556624
-0.090072 -0.359113 0.208263
-0.003710 -0.012866 -0.002245
0.000856 0.010694 -0.005715
0.000141 0.000527 -0.000057
-0.000016 -0.000369 0.000164
-0.000001 0.000027 -0.000013
-30.664863 5.860089 31.800824
-1.285206 -1.506637 0.154696
-0.050044 -0.020373 -0.026004
0.009375 0.032032 -0.017561
-0.000192 -0.006565 0.004168
-0.000307 -0.000356 0.000195
-0.000028 0.000282 -0.000139
0.000011 -0.000026 0.000012
-34.028864 2.279429 31.908234
-1.427863 -1.369143 -0.065181
-0.029031 0.030341 -0.029250
-0.005910 -0.003505 0.008952
-0.000991 0.001083 0.000077
0.000628 0.000489 -0.000359
0.000155 -0.000168 0.000064
-0.000026 0.000013 -0.000004
-37.750613 -0.892846 31.687637
-1.579143 -1.200665 -0.078724
0.019606 0.049193 0.014730
0.034721 0.003693 0.002616
0.007199 -0.001259 -0.000345
-0.000390 -0.000316 0.000142
-0.000293 0.000059 0.000004
0.000028 -0.000003 -0.000002
-41.061745 -4.315620 31.683395
-0.013305 -1.005102 0.119814
0.400781 -0.022950 0.057065
-0.004794 -0.015691 0.007589
-0.012356 -0.000189 0.000078
-0.000026 0.000265 -0.000245
0.000331 0.000002 -0.000044
-0.000025 0.000001 0.000007
-38.981624 -7.308116 32.471023
1.280724 -1.387120 0.502051
0.026634 -0.101904 0.065321
-0.058440 0.002774 -0.011590
0.005600 0.004244 -0.003045
0.001666 0.000487 0.000104
-0.000112 0.000027 0.000089
-0.000018 -0.000024 -0.000009
-36.675278 -10.340537 33.587254
0.974056 -1.594550 0.551017
-0.097760 0.042209 -0.051972
0.023506 0.046852 -0.022864
0.010526 0.004295 0.000663
-0.001167 -0.001119 0.000394
-0.000367 -0.000298 -0.000040
0.000052 0.000046 0.000002
-34.408104 -13.237185 34.341125
1.180645 -0.633546 0.003561
0.175931 0.301482 -0.154914
0.017313 -0.004168 -0.002541
-0.010150 -0.012899 0.003070
-0.000312 -0.000009 0.000107
0.000487 0.000455 -0.000000
-0.000050 -0.000039 -0.000006
-30.764915 -13.453904 33.578269
1.865597 0.193626 -0.594093
0.070245 -0.002048 -0.068930
-0.023152 -0.050028 0.025419
0.003524 0.006795 0.001614
0.000774 0.001949 -0.000588
-0.000331 -0.000173 -0.000100
0.000030 -0.000028 0.000026
-27.112602 -13.308875 32.390596
1.988921 -0.075258 -0.583634
0.018673 -0.056791 0.063639
-0.000098 0.034764 0.014811
0.000266 0.009457 -0.003190
-0.000720 -0.002070 0.000206
0.000066 -0.000539 0.000240
0.000009 0.000109 -0.000047
-23.414363 -13.372516 31.600031
2.032887 0.145030 -0.250747
-0.005760 0.153675 0.113692
-0.010671 0.011289 0.009338
-0.001082 -0.013168 0.000658
0.000634 -0.000305 -0.000474
0.000180 0.000860 -0.000364
-0.000057 -0.000113 0.000067
-20.111719 -12.748925 31.532684
1.935466 0.544024 0.178996
-0.042407 0.046626 0.125722
0.000862 -0.036065 -0.014847
0.002493 0.001643 -0.007666
-0.000868 0.001709 -0.000260
-0.000483 -0.000454 0.000407
0.000093 0.000041 -0.000043
-16.812017 -11.805238 32.091967
1.775602 0.451668 0.334860
-0.076447 -0.071242 -0.067344
-0.030414 -0.007221 -0.046688
-0.009881 0.003349 0.000929
0.000108 -0.000425 0.001265
0.000666 0.000053 -0.000121
-0.000072 -0.000005 0.000001
-13.626937 -11.144284 31.961391
0.563347 0.117053 -0.599088
-0.411574 -0.047250 -0.255402
-0.017469 0.009715 0.002839
0.014239 0.000560 0.005947
0.000943 -0.000225 -0.000410
-0.000551 -0.000025 -0.000110
0.000041 0.000005 0.000014
-15.312939 -10.960109 27.836723
-1.043328 0.052394 -1.711229
0.036402 -0.001489 -0.073093
0.049295 -0.006140 0.013750
-0.008324 -0.001549 -0.001952
-0.000652 0.000307 0.000445
0.000388 0.000080 0.000198
-0.000036 -0.000013 -0.000030
-17.187803 -10.944208 23.527369
-0.453394 -0.073678 -1.806342
0.146663 -0.039328 0.066467
-0.002627 0.003243 0.040383
-0.000070 0.002679 0.006131
0.000612 -0.000116 -0.000267
-0.000211 -0.000139 -0.000298
0.000019 0.000016 0.000027
-17.314987 -11.295848 20.085659
0.352004 -0.103737 -0.174128
0.126411 0.018730 0.462711
-0.008640 -0.002625 0.012497
-0.001947 -0.002667 -0.011944
0.000206 0.000314 -0.000670
0.000164 0.000189 0.000251
-0.000022 -0.000025 -0.000009
-15.541407 -11.552058 22.800802
0.849364 -0.086847 1.686909
0.081240 0.025005 0.050519
0.011446 0.021416 -0.083412
0.003492 0.004542 0.001325
-0.000648 -0.000697 0.002031
-0.000265 -0.000308 0.000068
0.000046 0.000047 -0.000039
-13.495696 -11.439494 25.717054
1.320340 0.298841 1.125803
0.149781 0.163009 -0.264599
-0.001413 0.009306 -0.006718
-0.005956 -0.007444 0.014913
-0.000108 -0.000550 -0.000229
0.000358 0.000333 -0.000458
-0.000041 -0.000027 0.000043
-9.484330 -9.818732 27.242952
1.788209 0.864583 0.369046
0.024753 0.008769 0.027133
-0.012342 -0.032456 0.044469
0.003737 0.002065 -0.007143
-0.000119 0.000905 -0.001444
-0.000360 -0.000138 0.000295
0.000046 0.000007 -0.000012
-5.274186 -8.062451 28.547300
1.776920 0.565210 0.753716
-0.048081 -0.087305 0.035393
-0.027856 0.008228 -0.038380
-0.006698 0.004460 -0.005284
0.000069 -0.000225 0.001301
0.000386 -0.000023 0.000097
-0.000036 -0.000000 -0.000018
-1.345832 -6.410975 29.961887
0.184227 0.723294 -0.209438
-0.338079 0.164849 -0.196191
0.023874 0.024401 0.028961
0.012803 -0.003485 0.008806
-0.000516 -0.000743 -0.001048
-0.000445 -0.000029 -0.000331
0.000048 0.000014 0.000046
-2.126196 -3.774763 28.954901
-0.565899 1.589517 -0.455708
0.043523 0.142815 0.076797
0.054375 -0.039234 0.020226
-0.007675 -0.008444 -0.009865
-0.001361 0.000369 -0.000589
0.000321 0.000192 0.000399
-0.000015 -0.000009 -0.000035
-2.757513 -1.070674 28.439532
-0.160043 1.629221 -0.214487
0.159129 -0.143710 0.029326
-0.006777 -0.070080 -0.033513
-0.008344 0.000667 -0.004332
0.000930 0.001751 0.001333
0.000156 0.000095 0.000001
-0.000025 -0.000035 -0.000012
-2.577230 1.144345 27.794388
0.222648 0.322105 -0.560949
0.008057 -0.408112 -0.181357
-0.024529 0.004802 -0.020067
0.003503 0.014068 0.005691
0.000612 -0.000206 0.000235
-0.000207 -0.000411 -0.000178
0.000016 0.000037 0.000017
-2.184458 -0.440561 24.567009
0.022879 -0.976484 -1.622779
-0.029546 0.013737 -0.128593
0.006780 0.042780 0.020857
0.000145 -0.009049 0.001137
-0.000138 -0.000867 0.000115
0.000120 0.000334 0.000164
-0.000017 -0.000022 -0.000029
-2.199519 -2.235221 20.784626
0.000550 -0.702115 -1.808294
0.025241 0.040511 0.069048
0.012498 -0.024892 0.046217
0.001019 -0.003087 0.003643
-0.000242 0.001297 -0.000565
-0.000137 0.000006 -0.000271
0.000017 -0.000011 0.000031
-1.805601 -4.254563 17.384073
0.345675 -0.942667 -0.481533
0.067938 -0.073080 0.370861
-0.015359 0.015936 -0.000787
-0.005664 0.007415 -0.011862
0.000046 -0.000254 -0.000252
0.000173 -0.000202 0.000311
-0.000013 0.000018 -0.000021
-1.077131 -7.072728 18.838446
-0.390653 -0.094100 0.515785
-0.243005 0.272314 -0.166292
-0.001262 0.001861 -0.031924
0.008163 -0.007606 0.010634
0.000238 0.000304 0.000720
-0.000156 0.000252 -0.000223
0.000005 -0.000030 0.000007
-3.281276 -5.804859 19.026390
-1.156339 0.981318 -0.226949
0.008196 0.134308 -0.010659
0.052726 -0.017902 0.059717
-0.000977 0.003246 0.002757
-0.001506 0.000111 -0.001666
-0.000077 -0.000278 -0.000096
0.000039 0.000037 0.000028
-5.078773 -3.657559 18.932091
-0.709764 1.352161 0.296021
0.189395 0.077769 0.265260
0.001473 -0.009763 0.023844
-0.010354 -0.001676 -0.011329
0.000333 -0.000333 -0.000802
0.000415 0.000197 0.000254
-0.000045 -0.000017 -0.000010
-5.956328 0.109299 21.341046
-0.149522 1.469456 1.339651
0.011679 -0.032090 0.006362
-0.010949 -0.008178 -0.073899
0.008186 0.003400 -0.002052
0.000445 0.000326 0.001798
-0.000400 -0.000111 0.000082
0.000036 0.000002 -0.000025
-6.100994 3.925233 23.706594
0.202603 1.384495 0.048012
0.159993 0.033949 -0.336731
0.018255 0.012077 0.022217
-0.004975 -0.003098 0.013500
-0.000482 -0.001159 -0.000866
0.000287 -0.000069 -0.000406
-0.000033 0.000040 0.000050
-5.001313 6.823179 22.810741
0.900560 1.479303 -0.724758
0.158898 -0.048506 -0.014529
-0.013191 -0.047224 0.058977
-0.001783 -0.007648 -0.005375
0.000212 0.001357 -0.001542
-0.000171 0.000491 0.000293
0.000024 -0.000076 -0.000017
-2.816954 9.092624 21.686077
1.309667 0.702776 -0.348000
0.037555 -0.334693 0.147884
-0.031843 -0.023195 -0.005288
-0.003321 0.013598 -0.008116
0.000073 0.001144 0.000547
0.000147 -0.000528 0.000072
-0.000012 0.000035 -0.000006
0.622552 8.226480 21.109318
0.023756 -0.443704 -0.440840
-0.315970 0.139545 -0.191560
0.000039 0.027858 -0.016356
0.006634 -0.011311 0.006010
-0.000219 -0.000283 0.000343
-0.000172 0.000402 -0.000090
0.000021 -0.000036 0.000002
-1.495271 8.094032 18.378749
-1.342272 0.206202 -1.352751
-0.134397 0.017822 -0.044439
0.025964 -0.022189 0.042743
-0.000780 0.004214 0.001673
0.000315 0.000477 -0.000852
0.000235 -0.000312 -0.000052
-0.000042 0.000033 0.000013
-4.340985 8.452329 15.945401
-1.552005 0.145082 -1.073175
0.041727 -0.028490 0.173452
0.044302 -0.000704 0.023749
0.004798 -0.000231 -0.006032
-0.000203 -0.000589 -0.000440
-0.000327 0.000124 0.000124
0.000031 -0.000007 -0.000006
-7.251083 8.506560 14.403096
0.097114 -0.184179 -0.058594
0.402157 -0.095543 0.050485
-0.011227 -0.009618 -0.038820
-0.013353 0.000969 -0.001196
-0.000055 0.000251 0.000658
0.000343 -0.000034 -0.000006
-0.000024 0.000001 -0.000003
-3.569062 5.932527 12.705857
0.650528 -1.027847 -1.127229
-0.263169 -0.061355 -0.188281
-0.010515 0.012572 0.016160
0.012921 0.000268 0.004198
-0.000208 -0.000187 -0.000445
-0.000355 -0.000002 -0.000084
0.000034 0.000001 0.000011
-3.351994 3.084600 8.948784
-0.249361 -1.116006 -1.621620
-0.019607 0.015292 -0.002231
0.039594 0.003562 0.017756
-0.004855 -0.001849 -0.003466
-0.000984 -0.000108 -0.000248
0.000255 0.000012 0.000109
-0.000016 0.000005 -0.000007
-3.713851 0.442891 5.123920
0.013001 -1.090902 -1.513934
0.060197 -0.025299 0.014261
-0.012370 -0.011663 -0.007222
-0.002371 0.000254 -0.000088
0.000722 0.000649 0.000532
-0.000021 0.000092 -0.000002
-0.000004 -0.000020 -0.000005
-3.528103 -2.539139 1.362964
0.056027 -1.274072 -1.489121
-0.028939 0.010530 0.028835
-0.002852 0.032582 0.017979
0.002557 0.005974 0.003781
-0.000104 -0.000613 -0.000116
-0.000089 -0.000260 -0.000084
0.000009 0.000027 0.000006
-3.605183 -5.162307 -2.383419
-0.073623 0.208549 -0.093237
-0.030195 0.208348 0.325277
-0.013334 -0.050445 0.007544
-0.002203 -0.010096 -0.005995
0.000454 0.001597 -0.000380
0.000139 0.000456 0.000061
-0.000020 -0.000066 0.000003
-4.174497 -4.304291 -0.804929
-0.462126 0.162876 1.246942
-0.102609 -0.166190 0.150084
0.007951 -0.003315 -0.052083
0.005723 0.016735 -0.003701
0.000033 0.000093 0.000883
-0.000197 -0.000662 0.000112
0.000016 0.000058 -0.000016
-5.930398 -4.362419 2.887028
-0.418604 0.279805 0.754661
0.135490 0.227740 -0.225579
0.018981 0.009765 0.000399
-0.004873 -0.016370 0.009503
-0.000341 -0.000602 -0.000207
0.000156 0.000587 -0.000231
-0.000010 -0.000044 0.000019
-5.649980 -2.176114 3.783325
0.483815 0.296752 0.169095
0.070509 -0.294641 0.075106
-0.012106 -0.027848 0.012153
0.002246 0.014072 -0.008004
0.000330 0.000519 -0.000283
-0.000090 -0.000477 0.000224
0.000004 0.000037 -0.000014
-3.043488 -4.403594 4.796495
0.976324 -1.011181 0.012747
0.097488 0.012171 -0.167575
0.003390 0.010526 -0.010835
-0.002470 -0.008702 0.007700
-0.000420 0.000581 0.000624
0.000023 0.000483 -0.000142
0.000008 -0.000066 0.000000
-0.345388 -6.683035 4.047845
1.316364 -1.012351 -0.523142
0.012595 -0.007964 0.016578
-0.028153 0.013511 0.058391
-0.002166 0.008112 0.003725
0.000761 -0.000071 -0.001313
0.000149 -0.000578 -0.000140
-0.000029 0.000067 0.000026
2.578786 -8.834400 3.746165
0.905819 -0.534489 0.582837
-0.134112 0.186282 0.360585
0.003728 0.002526 0.006435
0.005266 -0.010043 -0.011445
-0.000839 0.000064 0.000007
-0.000364 0.000596 0.000317
0.000069 -0.000079 -0.000028
3.926583 -9.268671 6.239030
0.476473 0.003634 1.785100
-0.093611 0.055387 0.182614
-0.007416 -0.024239 -0.049617
-0.005703 0.004187 -0.000107
0.000570 0.000566 0.001485
0.000599 -0.000512 -0.000071
-0.000087 0.000073 -0.000028
4.390410 -9.197071 9.252548
0.090858 0.059051 2.028460
-0.153443 -0.006275 -0.004973
-0.002302 -0.008029 -0.025642
0.008927 -0.000316 0.005282
0.001789 -0.000516 -0.000544
-0.000335 0.000278 -0.000368
-0.000023 -0.000030 0.000072
4.242897 -9.151452 12.099324
-0.234106 -0.015176 1.897234
-0.024009 -0.046222 -0.080476
0.062575 -0.008485 -0.017565
0.008950 0.001466 -0.002518
-0.002122 0.000576 -0.000581
-0.000571 -0.000025 0.000359
0.000108 -0.000011 -0.000033
4.096789 -9.317122 14.864332
0.233587 -0.189841 1.456394
0.296792 -0.045259 -0.200646
0.042589 0.011214 -0.026631
-0.014580 0.003461 0.001949
-0.001714 -0.000288 0.001077
0.000656 -0.000153 -0.000017
-0.000047 0.000019 -0.000011
6.297245 -9.795724 16.948723
1.531490 -0.130402 0.334301
0.128813 0.068360 -0.213471
-0.069167 0.008893 0.033086
-0.002359 -0.003989 0.008059
0.002066 -0.000301 -0.000445
-0.000110 0.000151 -0.000202
-0.000005 -0.000010 0.000018
10.732588 -9.586269 17.602160
0.651794 0.109791 0.664891
-0.189265 -0.034651 0.274807
0.030526 -0.010024 0.014005
0.006962 0.002711 -0.010059
-0.001375 0.000211 -0.000176
-0.000224 -0.000101 0.000228
0.000035 0.000007 -0.000016
11.905514 -9.614240 21.505031
0.389113 -0.098725 1.783166
0.009289 -0.009923 0.023686
-0.024766 0.008076 -0.045238
-0.011052 -0.000671 0.002669
0.000925 -0.000250 0.001034
0.000490 0.000048 -0.000088
-0.000060 -0.000003 -0.000007
12.274628 -9.840259 25.643286
-0.379743 -0.063427 1.347775
-0.283489 0.008541 -0.118927
-0.004269 -0.003143 0.009449
0.013592 -0.000774 0.003195
0.000223 0.000108 -0.001270
-0.000582 -0.000001 -0.000214
0.000061 0.000001 0.000051
10.507736 -9.969315 27.969765
-1.200031 -0.083873 0.961663
-0.058977 -0.020044 -0.106365
0.054233 -0.004421 -0.022605
-0.002229 0.000614 -0.008108
-0.001584 0.000200 0.000497
0.000285 0.000016 0.000504
-0.000018 -0.000006 -0.000058
7.947523 -10.295959 29.201845
-0.842012 -0.188402 -0.092219
0.147738 -0.006994 -0.326352
0.001570 0.010249 -0.003828
-0.005265 0.001703 0.013033
0.000398 -0.000233 0.000954
-0.000001 -0.000078 -0.000438
-0.000000 0.000009 0.000027
6.060277 -10.474862 26.298637
-0.443732 0.151137 -0.188437
-0.092144 0.006807 0.387052
-0.018935 -0.024276 0.029468
0.002679 -0.002202 -0.013755
0.000374 0.000857 -0.000450
-0.000001 0.000167 0.000324
-0.000006 -0.000026 -0.000021
3.406724 -10.581109 29.388674
-1.115730 -0.246027 1.652860
-0.023962 0.009133 0.030454
0.032379 0.052213 -0.056482
0.001749 0.007393 0.005025
-0.000907 -0.001572 0.001210
-0.000130 -0.000416 -0.000154
0.000027 0.000065 -0.000001
1.047795 -10.360785 32.925243
-0.762410 0.705641 1.237914
0.126141 0.325840 -0.115557
-0.005955 -0.003732 0.016934
-0.007278 -0.015938 0.006154
0.000428 0.000133 -0.001046
0.000319 0.000658 -0.000166
-0.000036 -0.000066 0.000026
-0.451319 -6.785245 35.906432
-0.494432 1.550799 1.120199
-0.010896 -0.050426 0.032216
0.005082 -0.029673 -0.009146
0.008426 0.012320 -0.007862
0.000033 0.000654 0.000332
-0.000368 -0.000594 0.000336
0.000035 0.000050 -0.000037
-1.418294 -2.906854 38.745056
0.030219 1.402280 0.733959
0.219490 0.054412 -0.166298
0.016709 0.007641 -0.005582
-0.007592 -0.009911 0.007602
-0.000524 -0.001252 -0.000064
0.000300 0.000363 -0.000384
-0.000022 -0.000007 0.000050
-0.714218 -0.418733 39.540402
0.772415 1.436076 0.242449
0.178127 -0.096683 -0.099161
-0.027151 -0.062234 0.021181
-0.002892 -0.005949 -0.000984
0.001174 0.002049 -0.000944
0.000033 0.000284 0.000211
-0.000022 -0.000058 -0.000014
1.126386 1.488269 39.758522
1.145164 0.441746 0.037187
0.038766 -0.409942 -0.031112
-0.013505 -0.024870 0.002596
0.004792 0.014635 -0.002066
-0.000015 0.001071 0.000373
-0.000249 -0.000461 0.000028
0.000026 0.000030 -0.000006
4.582016 -0.165190 39.614839
1.290260 -1.199485 -0.134645
0.008839 -0.004423 -0.019213
-0.015970 0.085287 0.008637
-0.005084 -0.001650 0.001940
0.000045 -0.001685 -0.000134
0.000256 0.000136 -0.000088
-0.000025 -0.000002 0.000009
7.888659 -1.907897 39.357796
0.590450 0.474683 0.070068
-0.212518 0.371382 0.067268
-0.001856 -0.020686 -0.002356
0.006892 -0.009797 -0.003099
-0.000139 0.000525 0.000106
-0.000276 0.000102 0.000114
0.000031 -0.000006 -0.000014
8.216405 0.953584 39.823193
-0.211082 1.484528 0.232595
-0.088934 -0.019173 -0.011384
0.014172 -0.061733 -0.010079
-0.003950 0.003207 0.001339
-0.000272 0.001319 0.000005
0.000258 0.000004 -0.000127
-0.000027 -0.000018 0.000016
7.271482 3.763932 40.204918
-0.571522 0.695402 0.038094
-0.078262 -0.197927 -0.073527
0.000271 0.025567 -0.013305
0.001859 0.010573 -0.001719
0.000123 -0.000835 0.000149
-0.000204 -0.000302 0.000147
0.000026 0.000033 -0.000016
5.277784 5.028332 39.515461
-0.907149 0.609003 -0.645844
-0.053100 0.163495 -0.159988
-0.001625 0.024513 0.005432
-0.000794 -0.010501 0.005108
0.000769 -0.000712 0.000080
0.000285 0.000318 -0.000156
-0.000052 -0.000019 0.000012
3.008813 7.214913 37.447113
-1.058237 1.239048 -1.083002
0.044089 0.029698 -0.005358
0.047965 -0.050819 0.030971
0.008820 -0.002158 -0.000901
-0.000871 0.001530 -0.000725
-0.000529 0.000016 0.000036
0.000066 -0.000017 0.000003
1.540058 9.708812 35.158806
0.169011 0.619076 -0.720481
0.421195 -0.219089 0.108816
0.012198 0.002047 -0.006344
-0.015442 0.009510 -0.005094
-0.000473 -0.000272 0.000145
0.000584 -0.000266 0.000084
-0.000050 0.000025 -0.000004
5.127421 10.214985 33.477952
1.761976 0.017887 -0.627295
0.022124 0.045006 -0.100920
-0.042482 0.019220 -0.019262
0.008840 -0.006726 0.004991
0.000523 -0.000301 0.000962
-0.000474 0.000262 0.000006
0.000051 -0.000023 -0.000022
8.907619 10.536218 31.528809
1.570118 0.236988 -1.041568
-0.057041 0.010036 0.003204
0.001374 -0.017346 0.055327
-0.000908 0.000634 0.007483
-0.000484 0.000818 -0.001297
0.000324 -0.000095 -0.000343
-0.000036 0.000000 0.000047
12.601832 11.012444 29.934277
1.280844 0.101724 0.183651
-0.034930 -0.020110 0.391429
0.016196 0.011685 -0.000645
0.003768 0.001852 -0.015511
-0.000479 -0.000610 -0.000036
-0.000323 -0.000088 0.000505
0.000039 0.000016 -0.000045
16.142869 11.360555 32.562504
1.443109 0.200740 1.365858
0.029593 0.015928 -0.029590
-0.031206 -0.016479 -0.056668
-0.010966 -0.004748 0.007990
0.000258 0.000446 0.001276
0.000415 0.000219 -0.000341
-0.000037 -0.000026 0.000020
19.283939 11.504700 35.580276
0.165756 -0.277081 0.653382
-0.454920 -0.134989 -0.078604
-0.023633 0.010620 0.027622
0.013706 0.007397 0.000672
0.000850 -0.000350 -0.001030
-0.000348 -0.000309 0.000080
0.000019 0.000031 0.000001
15.806556 10.019398 37.580528
-1.785158 -0.417207 0.712757
0.026277 0.040520 0.020970
0.081702 -0.018483 -0.014444
-0.003985 -0.009934 -0.002832
-0.001691 0.000408 0.000632
0.000083 0.000388 0.000093
0.000012 -0.000039 -0.000017
12.280506 8.235625 39.430977
-0.403819 -1.160629 0.460541
0.260491 -0.276400 -0.067062
-0.037864 -0.005090 0.009635
-0.008064 0.012065 0.003644
0.001820 0.000337 -0.000741
0.000320 -0.000396 -0.000251
-0.000060 0.000032 0.000042
12.186857 4.363787 40.282551
0.116961 -1.998190 0.325665
0.017903 -0.011411 -0.023208
0.003078 0.058809 -0.015715
0.012722 -0.001776 -0.006879
-0.000409 -0.001563 0.000456
-0.000644 0.000120 0.000424
0.000076 0.000004 -0.000055
12.786100 0.432319 40.616253
0.595561 -1.413564 -0.156264
0.220486 0.204830 -0.188433
0.020752 -0.003920 -0.008848
-0.010074 -0.008920 0.008489
-0.001156 0.000383 0.000482
0.000530 0.000175 -0.000420
-0.000041 -0.000015 0.000037
15.756314 -2.267253 39.107505
1.481382 -0.877540 -0.828122
0.029082 -0.040506 -0.021318
-0.040951 -0.033178 0.023821
0.003617 0.004581 -0.004878
0.001272 0.000950 -0.000716
-0.000222 -0.000102 0.000268
0.000008 -0.000007 -0.000021
18.900505 -4.658263 37.276051
1.249828 -1.273955 -0.802280
-0.068248 -0.065372 -0.012149
0.012643 0.026532 -0.013957
0.004356 0.004811 -0.000928
-0.000855 -0.001149 0.000685
-0.000095 -0.000210 -0.000060
0.000016 0.000042 0.000006
21.246151 -7.202853 35.532538
1.187639 -1.179710 -0.999551
0.031708 0.094839 -0.073722
0.007730 0.009587 -0.000499
-0.005208 -0.007472 0.003962
-0.000621 -0.000173 0.000467
0.000134 0.000374 0.000023
0.000004 -0.000040 -0.000019
23.788218 -9.265132 33.244311
1.210499 -0.882232 -1.133928
-0.068345 0.018197 0.056572
-0.035834 -0.019472 0.044270
-0.001979 0.002163 0.004553
0.001354 0.000844 -0.000905
0.000186 -0.000209 -0.000245
-0.000037 0.000016 0.000033
26.014071 -11.849367 31.541426
0.285167 -0.950758 0.223707
-0.125010 0.007580 0.335827
0.050229 0.013511 -0.013830
0.009757 0.001586 -0.011576
-0.001796 -0.000038 0.000471
-0.000557 0.000105 0.000407
0.000089 -0.000019 -0.000049
26.577730 -13.607975 33.110054
0.502820 -0.689344 1.129627
0.194786 0.139445 0.072234
0.014979 0.031242 -0.049453
-0.016796 0.002168 0.003997
-0.000839 -0.000394 0.001164
0.000714 -0.000163 -0.000294
-0.000057 0.000018 0.000020
29.246302 -13.293670 36.467876
0.541364 1.100195 0.751747
-0.249311 0.311372 -0.095081
-0.020844 -0.023191 0.002456
0.014839 -0.007857 0.000541
0.000444 0.000561 -0.000071
-0.000583 0.000260 0.000168
0.000052 -0.000032 -0.000024
29.277689 -9.456370 37.771858
-0.327201 1.931821 0.407025
-0.035299 0.031768 -0.027875
0.047362 -0.032247 0.021908
-0.004600 0.005927 0.002846
-0.001735 0.000559 -0.000454
0.000274 -0.000261 -0.000222
-0.000002 0.000018 0.000029
28.741866 -5.521256 38.703080
-0.127289 1.861651 0.594979
0.061321 -0.024105 0.102887
-0.017417 0.006146 0.005729
-0.005676 0.000654 -0.007040
0.001463 -0.001050 -0.000605
0.000244 -0.000000 0.000198
-0.000052 0.000019 -0.000008
28.547710 -1.726305 40.295273
-0.137706 1.777553 0.829059
-0.036709 -0.047311 -0.049452
0.008729 -0.021104 -0.048749
0.009125 -0.004158 -0.003079
-0.000177 0.000712 0.001120
-0.000507 0.000283 0.000079
0.000056 -0.000039 -0.000016
28.379169 2.155363 41.263622
0.208814 1.089866 -0.355415
0.161967 -0.160109 -0.342842
0.002606 0.020064 -0.002397
-0.010280 0.009493 0.009841
-0.000166 -0.000479 0.000128
0.000509 -0.000435 -0.000206
-0.000051 0.000047 0.000012
29.575778 4.352703 38.687316
0.609172 0.971281 -1.561867
-0.030724 0.109229 -0.083394
-0.024063 0.017629 0.055987
0.006999 -0.011054 -0.000867
0.000953 -0.001005 -0.001430
-0.000354 0.000363 -0.000010
0.000024 -0.000014 0.000023
30.560883 6.569802 35.747065
0.441059 1.257120 -1.381349
-0.007166 -0.036594 0.129011
0.025898 -0.059620 0.006585
0.002546 -0.004352 -0.009479
-0.001280 0.002041 0.000207
-0.000036 0.000170 0.000296
0.000018 -0.000041 -0.000032
31.883419 8.574749 33.058085
0.779494 0.204891 -1.037232
0.103701 -0.320486 -0.025046
-0.011400 0.012455 -0.028483
-0.007419 0.014963 0.002920
0.000276 -0.000356 0.000661
0.000257 -0.000509 -0.000231
-0.000026 0.000050 0.000021
34.341026 7.568947 29.471144
0.691416 -0.439900 -1.567132
-0.138498 0.124174 -0.119749
-0.014024 0.033012 -0.000468
0.007027 -0.011992 0.001033
0.000305 -0.000626 0.000253
-0.000253 0.000477 0.000183
0.000022 -0.000041 -0.000026
35.240774 7.323342 24.887830
0.123413 0.138063 -1.998087
-0.036110 0.019940 0.008896
0.025937 -0.032720 0.047188
-0.000995 0.002597 0.007057
-0.000633 0.001169 -0.000436
0.000128 -0.000238 -0.000275
-0.000008 0.000013 0.000024
35.984173 7.318863 20.499897
0.452561 -0.182141 0.006009
0.087743 -0.031233 0.490833
0.000953 0.010090 -0.007678
-0.001048 -0.001258 -0.014435
-0.000043 -0.000611 -0.000168
-0.000070 0.000062 0.000301
0.000010 0.000004 -0.000016
37.639785 6.728170 22.978465
0.811870 -0.306439 1.529938
0.026275 -0.054960 0.002734
-0.021177 -0.016102 -0.090625
-0.002872 -0.000888 0.002940
0.000180 0.000839 0.002190
0.000099 0.000129 0.000010
-0.000009 -0.000028 -0.000030
39.280331 5.644441 25.569813
0.541235 -0.704169 0.584913
-0.152965 -0.082049 -0.305898
-0.024075 0.021582 0.018738
0.002897 0.007383 0.016439
0.000553 -0.000281 -0.000773
-0.000043 -0.000299 -0.000459
-0.000001 0.000029 0.000045
39.344904 3.820525 25.928328
-0.491546 -0.327568 0.177484
-0.147341 0.211747 0.189847
0.028635 0.015365 0.041293
0.004535 -0.009271 -0.013187
-0.000392 -0.000612 -0.001146
-0.000071 0.000259 0.000413
0.000006 -0.000015 -0.000023
37.539722 4.708225 29.393736
0.347972 -0.112966 0.455873
0.228639 -0.235842 -0.253792
-0.012704 -0.010854 -0.005477
-0.006545 0.009329 0.012781
0.000285 0.000171 0.000115
0.000121 -0.000201 -0.000321
-0.000011 0.000013 0.000026
39.266837 3.292944 29.353370
0.955033 -0.959111 -0.256099
0.001252 -0.057277 0.032871
-0.038907 0.047921 0.065324
0.001774 0.000757 -0.000553
0.000733 -0.001152 -0.001439
-0.000057 0.000011 0.000098
-0.000002 0.000010 -0.000000
40.950321 1.470472 29.476871
0.581123 -0.656340 0.579805
-0.146616 0.168278 0.322779
-0.004385 0.013941 0.017002
0.005157 -0.007221 -0.009157
-0.000128 -0.000096 -0.000239
-0.000083 0.000160 0.000097
0.000007 -0.000012 -0.000003
41.597262 0.874984 33.860940
0.002817 0.082856 2.018500
-0.006846 0.010115 0.019991
0.020893 -0.029061 -0.069371
-0.001403 0.001577 -0.002048
-0.000307 0.000504 0.001020
0.000063 -0.000093 0.000042
-0.000003 0.000005 -0.000009
42.091244 0.468731 38.431152
0.387647 -0.461018 0.148942
0.084145 -0.114671 -0.432910
0.000968 0.002367 0.009564
-0.000110 0.001407 0.009952
0.000207 -0.000093 -0.000334
-0.000012 0.000034 -0.000176
-0.000005 -0.000005 0.000015
43.977923 -1.694041 35.994086
0.931104 -0.940200 -1.423452
0.104791 -0.029097 -0.049397
-0.000331 0.015932 0.047949
-0.002612 0.000334 -0.004334
-0.000823 -0.000335 -0.000734
-0.000106 -0.000062 0.000131
0.000035 0.000011 -0.000005
46.259691 -3.625911 33.173263
1.188505 -0.883457 -1.207378
-0.036929 0.040511 0.103894
-0.052998 0.000631 0.000817
-0.006985 -0.003649 -0.005067
0.001026 -0.000105 0.000447
0.000405 0.000099 0.000060
-0.000051 -0.000004 -0.000007
48.056477 -5.782454 30.592411
-0.150580 -0.877777 -0.877844
-0.403969 -0.063069 0.006416
0.003411 -0.016355 -0.012436
0.015842 0.002413 0.002268
0.000088 0.000840 0.000335
-0.000525 0.000022 -0.000075
0.000047 -0.000015 0.000004
45.812730 -8.385389 28.401199
-1.327655 -1.199569 -0.910631
0.006769 0.009849 0.012319
0.069235 0.044781 0.012671
-0.005979 0.006868 0.001618
-0.001686 -0.000748 -0.000281
0.000283 -0.000239 -0.000009
-0.000012 0.000026 0.000001
43.151260 -10.474813 26.296261
-0.465199 0.087430 -0.504515
0.159920 0.417577 0.128105
-0.029689 0.016753 0.007758
-0.005467 -0.011382 -0.002416
0.001143 -0.000500 -0.000240
0.000059 0.000269 0.000014
-0.000011 -0.000017 0.000002
42.042355 -5.996044 25.977154
-0.473978 1.931563 0.155542
-0.060069 -0.031420 -0.012165
0.022865 -0.062757 -0.032186
0.008281 0.003709 -0.000988
-0.000515 0.000823 0.000581
-0.000219 -0.000142 0.000065
0.000020 0.000009 -0.000012
41.163722 -1.690929 25.469495
0.326686 0.546348 -0.665443
0.297419 -0.299820 -0.174037
0.010941 0.006333 0.013211
-0.009965 0.005051 0.005267
-0.000428 -0.000062 -0.000568
0.000228 0.000047 -0.000188
-0.000012 -0.000012 0.000024
43.980731 -2.036799 22.761655
1.436890 -0.547433 -1.150240
0.001732 -0.030228 -0.024555
-0.061022 0.053223 -0.000929
0.000983 0.000985 -0.006070
0.001370 -0.001153 0.000205
-0.000010 -0.000180 0.000281
-0.000015 0.000036 -0.000032
46.738514 -2.864883 19.677795
0.639948 0.059410 -1.497997
-0.244100 0.198646 -0.126401
0.007591 -0.011722 -0.006405
0.009187 -0.010672 0.005253
-0.000634 0.000713 0.000362
-0.000267 0.000437 -0.000260
0.000035 -0.000056 0.000024
47.212666 -2.126416 16.025144
-0.049995 0.486346 -1.932740
-0.060451 -0.011489 -0.050134
0.031134 -0.027163 0.021647
-0.003829 0.007588 -0.000461
-0.000784 0.001058 -0.000729
0.000243 -0.000382 0.000086
-0.000019 0.000022 0.000001
47.054462 -1.326705 12.329541
-0.069332 0.375947 -1.936829
0.018031 0.006246 0.030329
-0.001408 0.026262 0.004165
-0.002706 0.002402 -0.002545
0.000551 -0.001604 0.000309
-0.000007 -0.000088 0.000098
-0.000003 0.000028 -0.000015
46.914171 0.014222 7.642033
-0.077905 0.735104 -1.771550
-0.018953 0.045463 0.042157
-0.000634 -0.040223 0.008714
0.001688 -0.010450 0.002422
-0.000005 0.000825 -0.000177
-0.000066 0.000409 -0.000162
0.000006 -0.000045 0.000019
46.590549 1.081632 2.979613
-0.092562 -0.527350 -1.228405
0.016296 -0.387786 0.100477
0.000795 0.005214 -0.013447
-0.001459 0.015046 -0.004459
-0.000008 -0.000322 0.000464
0.000066 -0.000535 0.000232
-0.000007 0.000062 -0.000028
46.448296 -1.523168 0.614141
-0.057150 -1.663382 -1.065908
-0.005702 -0.081133 -0.016493
-0.004471 0.059560 -0.005264
0.000486 -0.004026 0.006845
0.000133 -0.001232 0.000733
-0.000044 0.000394 -0.000191
0.000005 -0.000039 0.000003
46.301136 -4.572593 -1.365984
-0.108661 -1.483865 -0.986965
-0.017612 0.140691 0.110329
0.000143 0.021406 0.047852
0.000556 -0.003819 0.004548
0.000004 0.000336 -0.001146
0.000021 -0.000113 -0.000147
-0.000005 0.000012 0.000022
45.961346 -7.142895 -2.396420
-0.156335 -0.631567 0.389222
0.004858 0.173943 0.416880
0.005446 -0.012685 0.010177
-0.000105 -0.003546 -0.011377
-0.000324 0.000206 -0.000635
-0.000067 0.000094 0.000218
0.000012 -0.000011 -0.000008
45.620984 -7.958760 1.213008
-0.126768 -0.141636 1.961895
-0.032825 0.001725 0.033797
-0.021910 -0.018775 -0.088300
-0.003238 0.002244 -0.002052
0.000477 0.000134 0.001622
0.000167 -0.000103 0.000064
-0.000023 0.000012 -0.000019
44.826237 -8.453632 4.904545
-0.686560 -0.335783 0.822735
-0.190055 -0.068633 -0.443362
-0.007391 -0.004904 -0.022261
0.005870 0.000473 0.013871
0.000227 -0.000000 0.000409
-0.000202 0.000084 -0.000238
0.000016 -0.000010 0.000011
40.823486 -10.358086 3.541534
-1.536051 -0.770377 -1.052867
-0.028470 -0.016067 0.056655
0.014987 0.021804 0.080638
-0.003576 0.002117 -0.004210
-0.000174 -0.000533 -0.001759
0.000162 -0.000138 0.000019
-0.000015 0.000022 0.000019
36.562370 -12.129724 2.256044
-1.591332 -0.411489 0.295734
-0.013523 0.102431 0.248238
-0.000126 -0.008964 -0.051538
0.001550 -0.005290 -0.012708
0.000158 0.000561 0.001492
-0.000121 0.000272 0.000380
0.000011 -0.000035 -0.000047
32.246155 -12.801186 3.485776
-1.576731 -0.183328 0.108652
0.022198 0.019335 -0.269609
0.001776 0.016212 -0.018234
-0.001674 0.007801 0.016640
-0.000055 -0.000404 0.000489
0.000095 -0.000392 -0.000504
-0.000010 0.000043 0.000035
27.745161 -12.434881 2.100872
-1.511480 0.673422 -0.578328
-0.003159 0.223676 0.155830
-0.000807 -0.013687 0.055788
0.000842 -0.010630 -0.010132
-0.000215 0.000512 -0.001981
-0.000113 0.000495 0.000224
0.000025 -0.000062 0.000021
24.703217 -10.430939 1.805870
-1.534824 1.172037 0.284852
-0.015671 0.004492 0.156780
-0.007021 -0.033624 -0.056785
-0.001212 0.006889 -0.010521
0.000494 0.001254 0.002497
0.000231 -0.000372 0.000521
-0.000036 0.000023 -0.000104
21.743800 -8.349559 2.456942
-1.647515 1.049163 0.195038
-0.023425 -0.014803 -0.173227
0.015778 0.023124 -0.024842
0.007238 0.004524 0.016329
0.000438 -0.001191 0.000725
-0.000241 -0.000065 -0.000838
0.000000 0.000020 0.000084
18.763651 -6.253126 2.238497
-1.383830 1.280597 -0.332237
0.202646 0.129911 -0.034954
0.053869 0.015229 0.049008
-0.001287 -0.005454 -0.001680
-0.002247 -0.000441 -0.002492
-0.000236 0.000199 0.000267
0.000079 -0.000018 0.000003
17.132821 -3.048675 1.732981
-0.125840 1.812340 -0.075953
0.305541 0.086836 0.082178
-0.042825 -0.025003 -0.021801
-0.015268 -0.002913 -0.009534
0.001856 0.000401 0.001045
0.000903 -0.000062 0.000308
-0.000164 0.000029 -0.000050
17.398169 -0.399589 1.698140
0.367029 1.882867 -0.053000
0.028568 -0.042714 -0.082116
-0.064095 -0.032889 -0.044450
0.008656 0.000934 0.002113
0.002646 0.001097 0.001563
-0.000716 0.000226 -0.000186
0.000054 -0.000068 0.000008
17.842682 2.138846 1.335405
0.187377 1.593794 -0.514075
-0.100769 -0.134739 -0.212139
0.006030 -0.001515 -0.009703
0.011054 0.008714 0.008434
-0.001199 0.000067 0.000308
-0.000173 -0.000464 -0.000105
0.000032 0.000050 -0.000016
17.979682 4.672311 -0.272079
0.069087 1.259054 -1.179774
0.064784 -0.020874 -0.102294
0.038048 0.027358 0.043266
-0.001789 -0.003197 0.002681
-0.000879 -0.001511 -0.001934
0.000232 0.000176 -0.000305
-0.000039 0.000013 0.000089
18.455183 6.860519 -2.384982
0.565815 1.316937 -1.189889
0.202547 0.014286 0.058346
0.011592 -0.017219 0.001168
-0.005955 -0.006068 -0.011583
-0.000894 0.001113 0.000438
-0.000235 0.000335 0.000766
0.000099 -0.000057 -0.000111
19.686565 8.711681 -4.009626
1.126738 1.212234 -1.121616
0.150170 -0.087900 -0.032191
-0.040209 -0.017813 -0.027479
-0.009407 0.006363 0.003749
0.001357 0.001533 0.002237
0.000758 -0.000237 -0.000349
-0.000166 -0.000030 0.000008
21.380911 10.186075 -5.650721
1.253670 0.955753 -1.295821
-0.062379 -0.065984 -0.063166
-0.047875 0.029768 0.018001
0.006269 0.007476 0.010011
0.001064 -0.001606 -0.000296
-0.000829 -0.000529 -0.000269
0.000126 0.000107 0.000007
22.847944 11.427564 -7.418126
0.892537 0.974789 -1.284707
-0.189928 0.079134 0.096333
-0.020947 0.027930 0.054144
0.001672 -0.008415 0.001453
-0.000883 -0.001830 -0.002185
0.000342 0.000473 -0.000203
-0.000036 -0.000026 0.000071
23.705647 13.195947 -9.000000
0.157457 1.267983 -0.631275
-0.273946 0.053495 0.283941
-0.013382 -0.038954 0.008938
0.002531 -0.008884 -0.013571
0.000487 0.001258 -0.000424
-0.000051 0.000184 0.000578
-0.000001 -0.000024 -0.000052
21.686155 16.089569 -9.000000
-1.442958 0.258666 0.258346
-0.196886 -0.333903 -0.041536
0.029867 -0.001643 -0.027789
0.001996 0.012494 0.009205
-0.000633 0.000172 0.000316
-0.000075 -0.000306 -0.000495
0.000018 0.000020 0.000054
17.390039 15.093236 -8.744068
-1.879001 -0.772877 -0.027924
-0.005046 0.003873 -0.034242
0.011996 0.066170 0.004184
-0.003155 -0.002787 -0.003514
0.000568 -0.001800 -0.000071
0.000238 0.000040 0.000442
-0.000040 0.000021 -0.000054
13.105010 13.958848 -9.000000
-1.729365 -0.043476 -0.185971
0.095987 0.195649 -0.010929
0.032795 -0.025892 0.023633
0.005321 -0.011247 0.007699
-0.000615 0.001145 -0.000065
-0.000407 0.000382 -0.000442
0.000052 -0.000051 0.000047
10.041304 14.389606 -9.000000
-0.641940 0.132843 0.430502
0.314944 -0.115893 0.273947
-0.003580 -0.022139 0.026420
-0.012238 0.010746 -0.008555
-0.000265 0.000499 -0.000788
0.000456 -0.000472 0.000341
-0.000037 0.000041 -0.000028
10.003999 13.944582 -5.621279
0.228916 -0.288889 1.848335
-0.060916 0.026354 0.136075
-0.041170 0.019051 -0.040967
0.009203 -0.006069 -0.000753
0.001329 -0.000666 0.000404
-0.000265 0.000333 -0.000198
0.000005 -0.000028 0.000031
10.073575 13.535059 -1.855844
-0.149862 -0.151896 1.902484
-0.050963 0.006586 -0.112105
0.043560 -0.018590 -0.045103
0.008509 -0.001093 -0.000106
-0.001341 0.000960 0.000538
-0.000197 -0.000051 0.000221
0.000027 -0.000005 -0.000032
10.202106 12.960073 1.544672
0.582027 -0.380897 0.699922
0.323094 -0.065487 -0.307581
0.023126 0.006763 0.011217
-0.011521 0.003399 0.010049
-0.000775 -0.000443 -0.000218
0.000274 -0.000139 -0.000324
-0.000014 0.000018 0.000031
14.174215 11.611077 1.801986
1.921067 -0.508073 -0.173490
0.003477 -0.008312 0.025238
-0.076620 -0.011675 0.030054
-0.000796 -0.004987 -0.007541
0.001524 0.000276 -0.000574
-0.000001 0.000225 0.000282
-0.000011 -0.000024 -0.000020
18.034153 9.800919 1.713095
0.588193 -0.993635 0.062018
-0.385433 -0.159007 -0.009403
0.004752 -0.001512 -0.019932
0.012285 0.006949 0.001553
-0.000114 0.000307 0.000910
-0.000202 -0.000221 -0.000098
0.000013 0.000016 0.000000
17.599163 6.561327 1.624184
-0.600613 -1.424756 -0.140768
0.000490 0.041618 -0.015600
0.075018 0.040290 0.022087
-0.000993 -0.001057 0.003847
-0.001450 -0.000885 -0.000538
0.000024 0.000062 -0.000096
0.000010 0.000002 0.000011
17.163066 3.707201 1.635223
0.567467 -0.614327 0.331878
0.330882 0.205387 0.179013
-0.009832 -0.005318 0.008610
-0.011402 -0.004843 -0.006410
0.000322 0.000418 -0.000530
0.000202 0.000105 0.000097
-0.000016 -0.000013 0.000002
19.892605 3.223100 3.294744
1.484995 0.104283 0.946093
-0.005279 0.090433 0.006356
-0.063960 -0.014345 -0.053740
0.001783 0.002898 -0.003804
0.001305 0.000408 0.001045
-0.000063 -0.000106 0.000127
-0.000006 0.000005 -0.000019
22.722410 3.931345 4.833343
0.603842 0.484212 0.011735
-0.264380 0.100625 -0.337907
0.005827 0.013155 -0.014323
0.009005 0.000715 0.010859
-0.000380 -0.000568 0.000564
-0.000166 -0.000026 -0.000192
0.000014 0.000007 0.000006
22.895895 6.300239 2.589557
-0.191339 1.239008 -1.269353
0.020511 0.119976 0.019218
0.033560 -0.020602 0.079845
-0.005288 -0.005254 0.000749
-0.000915 0.000076 -0.001687
0.000102 0.000103 -0.000076
0.000006 -0.000006 0.000026
22.772156 9.256385 0.672165
0.089218 1.284886 -0.207320
0.035288 -0.127828 0.389418
-0.029973 -0.045799 0.011031
-0.005699 0.000922 -0.013546
0.001046 0.000868 -0.000056
0.000197 0.000018 0.000325
-0.000026 -0.000008 -0.000025
22.238817 10.884666 3.336573
-0.630144 -0.453302 1.275517
-0.115122 -0.244339 -0.039427
0.044941 0.039303 -0.044776
0.011402 0.007470 0.006828
-0.000967 -0.000728 0.000551
-0.000399 -0.000178 -0.000264
0.000045 0.000019 0.000021
21.060299 8.680851 6.187716
0.451554 -0.469276 0.487247
0.387163 0.203651 -0.136734
-0.000126 0.018090 0.003883
-0.014681 -0.009490 -0.000634
0.000584 -0.000182 -0.000095
0.000566 0.000236 0.000195
-0.000071 -0.000017 -0.000022
24.370570 8.760210 6.600492
1.814253 0.379186 -0.120209
0.104182 0.046475 -0.069877
-0.027716 -0.037421 0.024280
0.006672 0.001507 0.004372
-0.000665 0.001054 -0.000177
-0.000726 -0.000078 -0.000205
0.000121 -0.000011 0.000023
27.945011 9.419577 6.333688
1.984795 0.254280 -0.050159
-0.027007 -0.081973 0.117446
-0.043479 -0.004453 0.033998
-0.010030 0.004928 -0.002714
-0.000074 -0.000565 -0.000810
0.000833 -0.000214 0.000091
-0.000098 0.000036 -0.000002
31.329960 9.616497 6.907353
1.149049 -0.038890 0.690253
-0.399369 -0.062933 0.212442
-0.048369 -0.001775 -0.006263
0.011812 -0.003553 -0.005785
0.001737 -0.000142 0.000150
-0.000530 0.000285 0.000069
0.000033 -0.000029 -0.000003
31.307295 8.905901 9.892478
-1.024973 -0.561924 1.337662
-0.261785 -0.122943 -0.011786
0.058181 0.006176 -0.036091
0.000191 0.005388 0.001703
-0.001843 0.000013 0.000828
0.000083 -0.000265 0.000015
0.000019 0.000028 -0.000014
28.283454 7.218819 12.502521
-1.499682 -0.841204 0.917489
-0.017844 0.014568 -0.121231
0.003517 0.020252 0.011489
-0.006603 -0.003398 0.006615
0.001302 -0.000614 -0.000437
0.000387 0.000172 -0.000204
-0.000067 -0.000010 0.000024
24.730665 5.500716 14.239413
-1.585286 -0.649065 0.748144
0.026473 0.030168 0.061306
0.040131 -0.011769 0.023479
0.010728 -0.001249 -0.004249
-0.000723 0.000612 -0.000568
-0.000682 0.000007 0.000185
0.000080 -0.000006 -0.000014
21.744446 3.810303 16.818506
-0.344865 -0.688334 1.219488
0.378225 -0.015478 0.064369
-0.010916 0.009049 -0.015856
-0.018847 0.003449 -0.001182
0.000024 -0.000202 0.000385
0.000777 -0.000110 -0.000064
-0.000082 0.000014 0.000005
22.229003 2.476959 19.401956
0.547715 -0.559106 1.267889
-0.011335 0.089251 -0.041600
-0.082240 0.018501 -0.017574
0.005143 -0.001381 0.000109
0.002378 -0.000364 -0.000000
-0.000388 0.000084 0.000000
0.000019 -0.000007 0.000001
22.582388 1.855491 22.057892
-0.470975 0.120883 0.732269
-0.250952 0.154570 -0.167583
0.023071 -0.001239 -0.014634
0.008690 -0.001764 0.000836
-0.000977 0.000003 0.000172
-0.000056 -0.000035 0.000023
0.000007 0.000004 -0.000003
19.170340 4.363752 21.610512
-0.448913 0.707316 -0.887275
0.178361 -0.103761 -0.118847
-0.005794 -0.039593 0.027717
-0.007351 -0.000728 0.001888
0.000377 0.000587 -0.000481
0.000163 0.000081 -0.000074
-0.000015 -0.000013 0.000012
18.849842 4.484167 18.513666
-0.032888 -0.856880 -0.867375
-0.056061 -0.301571 0.075512
-0.012706 0.015876 -0.000171
0.005924 0.006617 -0.003339
0.000252 -0.000538 0.000662
-0.000176 -0.000201 0.000196
0.000012 0.000028 -0.000035
18.474972 1.176244 16.862250
-0.223018 -1.801113 -0.547456
0.019903 -0.091624 0.085342
0.024014 0.025905 0.017958
-0.000201 -0.003790 0.004710
-0.000845 -0.000189 -0.000627
0.000019 0.000251 -0.000379
0.000008 -0.000026 0.000054
18.269615 -2.558663 16.288143
0.069600 -1.956671 0.044865
0.101923 -0.001318 0.201270
-0.003023 0.013160 0.001744
-0.005296 0.001899 -0.008988
0.000016 0.000646 -0.000712
0.000127 -0.000109 0.000365
-0.000008 -0.000002 -0.000028
18.672469 -6.077455 16.966026
0.296665 -1.753831 0.578185
-0.004461 0.132062 0.031982
-0.028938 0.034673 -0.054292
-0.000414 0.001775 -0.002912
0.000839 -0.000727 0.001358
0.000021 -0.000138 0.000007
-0.000009 0.000020 -0.000010
18.934227 -9.272311 17.657993
-0.210458 -0.298339 -0.427589
-0.090696 0.285855 -0.290185
0.024147 -0.023679 0.005016
0.006758 -0.009439 0.009528
-0.000363 0.000306 -0.000182
-0.000160 0.000258 -0.000185
0.000013 -0.000022 0.000013
18.780193 -8.757348 13.816490
0.636305 -0.056387 -1.174097
0.291177 -0.191937 0.119302
0.004161 -0.010759 0.024634
-0.009180 0.010035 -0.008011
-0.000236 -0.000101 -0.000596
0.000172 -0.000296 0.000147
0.000001 0.000028 0.000004
21.415684 -9.716973 11.876789
1.611983 -0.709983 -0.654279
0.089286 -0.056437 0.042731
-0.050735 0.032781 -0.039924
0.000964 -0.002028 -0.002398
0.002115 -0.001151 0.001760
0.000185 0.000136 0.000211
-0.000085 0.000008 -0.000052
24.366917 -11.026716 10.614077
1.574169 -0.684515 -0.841123
-0.047102 0.038860 -0.104079
0.015174 -0.000158 0.005593
0.011578 -0.004026 0.013129
-0.001701 0.000899 0.000503
-0.000891 0.000242 -0.000444
0.000158 -0.000056 0.000023
26.983600 -12.076547 9.048282
1.647350 -0.585902 -0.909713
0.082576 0.025483 0.120862
0.005329 0.005259 0.072280
-0.014104 0.004473 0.002600
-0.001393 0.000051 -0.002579
0.000952 -0.000412 -0.000173
-0.000097 0.000054 0.000063
29.992481 -12.956845 8.192714
1.695126 -0.382411 0.096986
-0.120174 0.098306 0.406871
-0.065873 0.012018 0.014644
-0.000950 -0.003755 -0.015998
0.002371 -0.000798 -0.000369
-0.000230 0.000249 0.000597
0.000006 -0.000017 -0.000052
32.494339 -13.230239 11.830540
-0.401732 0.081753 1.672397
-0.348799 -0.004629 0.015656
0.038162 -0.015566 -0.026799
0.009014 0.002628 0.010224
-0.000667 0.000386 -0.000115
-0.000086 -0.000126 -0.000571
0.000005 0.000008 0.000076
31.021508 -13.156777 14.709679
-1.116185 -0.012656 1.653794
-0.033405 -0.032793 0.002347
0.073194 0.003431 0.005323
0.000260 0.001654 -0.002568
-0.001258 -0.000453 -0.001245
-0.000028 -0.000035 0.000353
0.000010 0.000014 -0.000027
29.379663 -13.248040 17.500774
-0.650712 -0.081278 1.632064
0.280561 -0.009320 -0.039105
0.039361 0.002164 -0.021107
-0.009823 -0.001393 -0.002483
-0.000927 0.000000 0.000735
0.000094 0.000125 0.000038
0.000009 -0.000015 -0.000008
29.643875 -13.503667 20.941856
0.754326 -0.127215 1.051557
0.146227 -0.004548 -0.170506
-0.073289 0.005860 -0.000519
-0.007802 0.001914 0.005628
0.001656 -0.000112 0.000226
0.000256 -0.000140 -0.000107
-0.000040 0.000018 0.000001
31.191570 -13.718230 22.688213
0.064673 0.001479 0.523045
-0.364972 0.048377 0.005479
-0.024785 -0.000807 0.037724
0.015175 -0.002876 -0.000834
0.000424 0.000082 -0.001244
-0.000424 0.000166 -0.000092
0.000032 -0.000018 0.000026
28.756780 -13.454099 24.786704
-1.431001 0.137834 0.978388
-0.033235 0.013203 0.011863
0.061158 0.008115 -0.055559
-0.004186 0.003900 -0.008984
-0.001330 -0.000149 0.001551
0.000218 -0.000194 0.000421
-0.000011 0.000022 -0.000062
25.822271 -12.872067 26.313883
-0.916966 0.454278 -0.001186
0.169542 0.124550 -0.376983
-0.006854 0.009947 -0.012148
-0.006912 -0.003866 0.015829
0.000431 -0.000333 0.000306
0.000033 0.000167 -0.000598
0.000002 -0.000013 0.000054
24.053122 -10.545833 23.782682
-0.576288 1.081426 -1.354501
-0.088137 0.055401 -0.014938
-0.029621 -0.014449 0.038562
0.005267 0.000973 -0.009431
0.001388 0.000222 -0.000688
0.000078 -0.000103 0.000483
-0.000049 0.000010 -0.000049
22.314402 -8.117731 21.023270
-1.019601 1.160871 -1.233901
-0.022239 -0.011345 0.012527
0.057796 -0.008753 -0.015010
0.008917 -0.000268 -0.000525
-0.002239 -0.000138 0.000819
-0.000647 0.000047 -0.000246
0.000113 -0.000001 0.000029
20.647343 -5.787609 18.313337
-0.309472 0.980284 -1.366973
0.277357 -0.074499 -0.068123
-0.011786 -0.009035 -0.009191
-0.020854 0.001082 0.001176
0.000233 0.000358 0.000416
0.001034 0.000031 0.000183
-0.000120 -0.000016 -0.000051
20.699172 -4.417668 15.885624
0.203526 0.697492 -1.620776
-0.021208 -0.086570 -0.069393
-0.081739 0.006246 0.012714
0.003977 0.002836 0.004136
0.003651 -0.000218 -0.000634
-0.000333 -0.000149 -0.000399
-0.000029 0.000027 0.000078
20.702101 -3.496166 13.226963
-0.319181 0.503193 -1.714495
-0.242307 -0.031597 0.006495
0.001481 0.012943 0.008681
0.016326 -0.000692 -0.005038
-0.001022 -0.000205 -0.000345
-0.000656 0.000152 0.000460
0.000096 -0.000034 -0.000048
19.523481 -2.645641 10.235203
-0.897747 0.495530 -1.700881
-0.047223 0.022385 -0.011140
0.045515 0.006785 -0.003643
-0.004808 -0.001965 0.004031
-0.001702 -0.000824 0.001357
0.000527 -0.000269 -0.000137
-0.000047 0.000067 -0.000023
18.001276 -1.716589 7.280469
-0.787008 0.543440 -1.643575
0.070132 -0.035393 0.087757
0.001064 -0.038448 0.043693
-0.004330 -0.008925 0.005432
0.000821 0.000645 -0.001515
-0.000043 0.000551 -0.000414
-0.000003 -0.000068 0.000072
16.574331 -1.220684 4.596105
-0.568506 -0.335231 -0.659598
0.021081 -0.357025 0.306427
-0.009165 -0.025702 -0.008757
0.000393 0.012735 -0.014364
-0.000053 0.001127 0.000239
-0.000091 -0.000476 0.000683
0.000015 0.000038 -0.000080
15.465858 -3.264231 4.240629
-0.594259 -1.636827 0.113514
-0.039163 -0.209853 0.042644
-0.014045 0.065598 -0.050414
-0.001361 0.006249 0.006319
0.000111 -0.001409 0.001772
0.000119 0.000048 -0.000424
-0.000010 -0.000007 0.000023
14.418416 -5.982774 4.377951
-0.821668 -1.768475 0.011247
-0.110258 0.128790 -0.067441
-0.013204 0.073030 0.003459
0.002422 -0.003699 0.007941
0.000731 -0.001327 -0.000970
0.000017 -0.000030 -0.000177
-0.000015 0.000020 0.000026
12.141165 -8.584783 4.239753
-1.305269 -0.511392 -0.052769
-0.067848 0.376677 0.045940
0.032913 -0.008859 0.012076
0.006431 -0.012939 -0.005527
-0.000433 0.000220 -0.000756
-0.000201 0.000273 0.000211
0.000019 -0.000021 -0.000010
8.621242 -7.549882 4.184604
-0.088975 0.283277 -0.333216
0.316130 -0.200825 -0.211464
-0.009917 -0.030846 -0.028988
-0.009757 0.010577 0.005062
0.000402 0.000433 0.000940
0.000277 -0.000254 -0.000056
-0.000027 0.000017 -0.000006
10.495386 -8.616701 0.887269
0.916091 -0.723692 -1.580226
0.001266 0.002446 -0.020524
-0.013833 0.044105 0.070359
0.008220 -0.002116 0.004677
0.000053 -0.000925 -0.001427
-0.000314 0.000109 -0.000196
0.000029 -0.000003 0.000031
12.938473 -9.880797 -2.111230
1.069597 -0.109709 -0.340449
0.093750 0.165162 0.409276
0.012113 -0.006894 0.003469
-0.004796 -0.005030 -0.014830
-0.000684 0.000329 -0.000143
0.000219 0.000053 0.000362
-0.000014 -0.000005 -0.000029
16.286457 -9.358485 -0.799148
1.436657 0.357346 0.979506
-0.008015 -0.010074 -0.007659
-0.028732 -0.027179 -0.079182
0.000055 0.001229 0.002243
0.000803 0.000393 0.001470
-0.000027 -0.000044 -0.000153
-0.000004 0.000002 0.000005
19.613701 -8.891472 0.518178
0.955814 -0.114389 -0.320243
-0.115394 -0.128249 -0.368399
0.011414 0.000778 0.000199
0.005134 0.003132 0.008863
-0.000248 -0.000003 -0.000228
-0.000104 -0.000005 -0.000059
0.000004 -0.000005 0.000001
21.548065 -9.803668 -2.135512
0.799821 -0.553417 -1.664380
0.065955 -0.023806 -0.117024
0.021891 0.023886 0.056896
-0.005010 0.000343 0.001345
-0.001262 -0.000649 -0.000979
-0.000035 -0.000084 -0.000044
0.000037 0.000020 0.000014
23.336694 -10.781380 -5.302960
1.074298 -0.427121 -1.529252
0.011256 0.069153 0.165771
-0.048887 0.001150 0.032787
-0.010209 -0.005567 -0.006912
0.001060 -0.000118 -0.000433
0.000447 0.000178 0.000141
-0.000053 -0.000012 -0.000006
25.057415 -11.704082 -8.006195
-0.303679 -0.395381 -0.443219
-0.427154 -0.088754 0.129535
0.001811 -0.018331 -0.029279
0.016291 0.004396 -0.000874
-0.000208 0.000869 0.000973
-0.000598 -0.000061 0.000026
0.000061 -0.000010 -0.000016
22.088439 -13.333551 -8.714919
-1.678773 -0.788551 -0.220854
-0.053398 0.025473 0.012028
0.047033 0.048500 0.009343
-0.009078 0.003990 0.004567
-0.000996 -0.001367 -0.000863
0.000495 -0.000232 -0.000267
-0.000037 0.000047 0.000046
18.647234 -14.415100 -9.000000
-1.616965 -0.076793 -0.004973
0.023679 0.280900 0.074775
-0.007024 0.012202 -0.006967
0.000750 -0.010600 -0.007076
0.001798 -0.000084 -0.000018
-0.000043 0.000440 0.000404
-0.000037 -0.000053 -0.000041
15.903756 -13.724358 -8.875043
-1.511642 0.815346 0.072797
0.077005 0.190342 -0.049311
0.036310 -0.034948 -0.027560
0.007697 -0.001239 0.003438
-0.000977 0.001107 0.001560
-0.000490 -0.000211 -0.000101
0.000072 0.000016 -0.000019
13.706544 -11.860388 -9.000000
-0.801502 1.169349 -0.224394
0.315715 0.016273 -0.064943
0.029953 -0.027017 0.028583
-0.010145 0.001651 0.008837
-0.001425 -0.000111 -0.000765
0.000406 -0.000016 -0.000333
-0.000024 0.000004 0.000036
14.182131 -8.693859 -9.000000
0.699624 0.590084 0.601234
-0.020520 -0.178082 0.227142
-0.067048 -0.014075 -0.025355
0.002224 0.001686 -0.013662
0.001236 0.000384 0.000558
-0.000130 0.000067 0.000470
0.000004 -0.000013 -0.000045
14.477795 -8.794614 -6.450767
-0.825336 -0.529300 0.346336
-0.293302 -0.058049 -0.253023
0.020165 0.045092 0.002911
0.006722 0.003130 0.015301
-0.000369 -0.001164 -0.000424
-0.000033 -0.000225 -0.000570
0.000001 0.000037 0.000059
10.804204 -9.808558 -6.709565
-1.562531 -0.013640 -0.196035
0.068240 0.147144 0.078997
0.055023 -0.025676 0.022387
-0.001065 -0.011725 -0.012201
-0.000726 0.000847 -0.000651
-0.000011 0.000473 0.000542
0.000006 -0.000054 -0.000046
8.055184 -9.623634 -6.793810
-0.362698 -0.158405 -0.040793
0.334444 -0.187436 -0.094123
0.002710 -0.012832 -0.033084
-0.007748 0.014088 0.005522
-0.000039 0.000772 0.001334
0.000101 -0.000483 -0.000282
-0.000005 0.000031 0.000014
10.825330 -10.952744 -9.000000
0.711409 0.548249 -0.477130
-0.195213 0.288162 0.142187
-0.038886 -0.036824 0.019541
0.004660 -0.016126 -0.006312
0.000372 0.000940 -0.000439
-0.000070 0.000496 0.000151
0.000003 -0.000048 -0.000007
9.818296 -8.398441 -9.000000
-1.266414 -0.007989 0.189672
-0.209204 -0.276552 -0.059579
0.030217 0.039229 -0.028032
0.002714 0.018107 0.003864
-0.000282 -0.001779 0.000868
0.000011 -0.000742 -0.000033
-0.000003 0.000104 -0.000011
6.701725 -9.012409 -9.000000
-1.675140 -0.298313 -0.205455
0.016969 0.144885 -0.079830
0.040682 0.051458 0.026541
-0.000330 -0.015287 0.007427
-0.000410 -0.001908 -0.000477
-0.000032 0.000721 -0.000190
0.000005 -0.000048 0.000017
2.544298 -8.374899 -9.000000
-0.499511 0.236658 0.692295
0.234330 -0.154095 0.299303
-0.011557 -0.034142 0.001847
-0.005459 0.011384 -0.010333
0.000248 0.001135 -0.000226
0.000097 -0.000423 0.000215
-0.000009 0.000029 -0.000012
2.396747 -8.784641 -5.845267
0.200939 -0.439622 1.638522
0.025092 -0.004878 0.002069
-0.033479 0.057270 -0.065477
0.001488 0.002037 -0.000212
0.000502 -0.001466 0.001366
-0.000062 0.000068 0.000003
0.000002 0.000002 -0.000012
2.638445 -9.108216 -2.704592
-0.119872 0.436096 0.712940
-0.122435 0.313532 -0.306721
-0.004826 0.013852 -0.001790
0.003188 -0.008490 0.010591
-0.000134 -0.000186 -0.000057
-0.000026 0.000109 -0.000200
0.000001 -0.000001 0.000010
1.385833 -5.592938 -2.598974
-0.705277 1.828905 -0.304570
-0.061278 0.085333 0.020206
0.011584 -0.049137 0.046716
-0.000812 0.001407 -0.005834
-0.000362 0.001556 -0.001695
-0.000001 0.000097 0.000006
0.000034 -0.000065 0.000077
0.301586 -2.977749 -2.888558
-0.823090 1.823324 -0.064640
-0.028228 -0.063813 0.110165
0.004485 -0.014086 -0.008744
-0.000073 0.008850 -0.010135
0.001041 -0.000341 0.001528
0.000334 -0.000547 0.000759
-0.000107 0.000102 -0.000175
-0.882566 -0.568357 -2.814633
-0.851709 1.640638 0.125574
0.024998 -0.048476 0.020428
0.028252 0.012449 -0.017565
0.006756 0.000170 0.006039
-0.000540 -0.000764 0.000725
-0.000711 0.000446 -0.000951
0.000120 -0.000082 0.000152
-1.954241 1.736311 -2.619399
-0.552298 1.575510 0.136999
0.185042 0.002777 -0.000277
0.031370 0.011790 -0.001719
-0.006792 -0.000097 -0.002462
-0.001467 -0.000514 -0.000862
0.000497 -0.000388 0.000585
-0.000040 0.000086 -0.000090
-2.299222 4.165191 -2.432756
0.112337 1.639012 0.087658
0.215641 0.020919 -0.040870
-0.016236 -0.011699 -0.012319
-0.005614 -0.006843 0.000208
0.001137 0.000123 0.000121
0.000075 0.000528 -0.000369
-0.000024 -0.000071 0.000084
-1.688361 6.681840 -2.442165
0.614972 1.542376 -0.133212
0.103456 -0.095248 -0.106958
-0.022967 -0.026154 -0.018717
0.002782 0.003898 -0.001249
0.000624 0.001450 0.000911
-0.000185 -0.000243 0.000539
0.000021 0.000000 -0.000115
-0.487172 8.868386 -3.015835
0.829335 1.125534 -0.598262
0.048057 -0.123938 -0.149756
0.000960 0.016761 0.015526
0.003714 0.006062 0.010195
0.000000 -0.000914 -0.000240
0.000057 -0.000241 -0.000774
-0.000044 0.000046 0.000119
0.958694 10.419756 -4.212666
1.043396 0.917406 -0.834938
0.103978 -0.003544 0.018198
0.019472 0.023397 0.039165
-0.000053 -0.003824 -0.004113
-0.001711 -0.000819 -0.001348
-0.000421 0.000261 0.000538
0.000124 -0.000036 -0.000050
2.721490 11.783351 -5.281967
1.418607 0.996866 -0.600184
0.125392 0.037622 0.124202
-0.022718 -0.005462 0.012177
-0.012469 -0.005375 -0.002284
0.000065 -0.000133 0.001132
0.000832 -0.000102 0.000036
-0.000113 0.000047 -0.000038
5.044961 13.346233 -5.869223
1.497559 0.992091 -0.137899
-0.103282 -0.067776 0.184788
-0.059650 -0.039719 0.019942
0.003034 -0.004058 0.002845
0.002130 0.001249 -0.000418
-0.000382 0.000403 -0.000374
0.000024 -0.000072 0.000056
7.235435 14.728748 -5.245020
0.583128 0.267858 0.841860
-0.293834 -0.255530 0.287177
0.001415 0.000932 -0.002054
0.008078 0.012364 -0.008133
-0.000461 0.000074 -0.000262
-0.000053 -0.000600 0.000400
0.000007 0.000064 -0.000044
7.160243 14.217300 -1.727297
-0.457429 -0.448209 1.832868
-0.074520 0.001944 0.074489
0.046425 0.030087 -0.035167
0.001348 -0.008013 0.002078
-0.000329 -0.000697 0.000070
0.000071 0.000496 -0.000355
-0.000023 -0.000055 0.000074
6.441990 13.583950 1.216513
-0.334075 -0.341930 1.827716
0.153934 0.032147 -0.075704
0.047375 -0.010814 -0.032149
-0.001734 -0.002586 -0.000474
-0.000853 0.001121 0.000563
-0.000182 -0.000111 0.000459
0.000042 -0.000000 -0.000083
6.584490 12.995867 4.104586
0.591916 -0.346070 1.289168
0.314352 -0.028895 -0.186191
0.001002 -0.006038 0.006143
-0.009689 0.002056 0.009937
0.000059 -0.000103 -0.000170
0.000350 -0.000115 -0.000594
-0.000046 0.000022 0.000075
9.010371 12.130436 6.171481
1.622596 -0.493870 0.840128
0.136631 -0.036693 -0.011328
-0.043955 0.000363 0.023979
-0.000761 0.000446 -0.006711
0.000296 0.000451 -0.000797
-0.000312 0.000204 0.000493
0.000051 -0.000045 -0.000054
12.121312 11.137302 7.722106
1.659671 -0.575720 0.877072
-0.128558 0.015089 -0.002795
-0.057570 0.025562 -0.012420
-0.002822 0.005182 -0.000841
0.000416 -0.000437 0.000870
0.000334 -0.000368 -0.000185
-0.000038 0.000045 0.000014
14.556714 10.286931 9.698833
0.001859 0.066457 0.666312
-0.482175 0.209713 -0.071885
-0.008543 -0.002242 -0.005870
0.012978 -0.010173 0.000089
0.000530 -0.000129 -0.000139
-0.000319 0.000409 0.000049
0.000022 -0.000039 0.000000
12.477637 11.201462 10.748347
-1.700849 0.604289 0.272687
-0.199624 -0.009660 -0.105299
0.080845 -0.043251 -0.001425
0.003927 0.003385 0.002122
-0.001474 0.001324 0.000517
0.000012 -0.000187 0.000051
0.000002 0.000001 -0.000024
9.667963 11.983561 10.929747
-1.719257 0.340681 -0.017401
0.180001 -0.128623 -0.062018
0.071018 -0.004021 0.023114
-0.006806 0.007081 0.004803
-0.001254 -0.000350 -0.000238
0.000036 -0.000173 -0.000213
0.000013 0.000019 0.000022
7.222119 12.169191 11.029490
-0.028340 -0.075403 0.325236
0.286003 -0.004384 0.183042
-0.054012 0.014249 0.016478
-0.011487 -0.003654 -0.006299
0.001162 -0.000361 -0.000347
0.000269 0.000171 0.000200
-0.000027 -0.000012 -0.000014
7.200975 11.912502 14.826241
-0.871114 -0.122902 1.336415
-0.283517 -0.025049 0.014828
0.044200 0.005569 -0.013692
0.016020 0.002645 0.002660
-0.001279 -0.000332 -0.000284
-0.000476 -0.000169 -0.000194
0.000066 0.000029 0.000037
5.342964 11.685830 16.963650
-1.239862 -0.134852 1.304848
0.091070 0.018672 -0.032764
0.090030 0.006874 -0.011407
-0.003109 -0.002289 -0.001779
-0.002309 -0.000370 -0.000158
0.000262 0.000161 0.000221
-0.000007 -0.000013 -0.000022
4.337935 11.441302 20.292564
0.905761 -0.067833 0.727898
0.382987 -0.013588 -0.113120
-0.036001 -0.002367 0.012745
-0.007851 0.001845 0.004831
0.001256 0.000030 -0.000474
0.000119 -0.000118 -0.000254
-0.000022 0.000013 0.000032
8.695948 11.180279 21.818995
1.947035 -0.106531 0.517837
0.023340 -0.001687 0.000895
-0.022088 -0.002967 -0.010989
0.007144 -0.001792 -0.007335
-0.000182 0.000102 0.000344
-0.000296 0.000127 0.000355
0.000037 -0.000017 -0.000041
13.262274 10.851819 22.741323
1.950458 -0.205291 0.119302
0.001379 -0.035715 -0.174454
-0.001994 0.000909 -0.013288
-0.002623 0.002360 0.007295
-0.000067 -0.000031 0.000576
0.000312 -0.000146 -0.000322
-0.000040 0.000018 0.000027
17.681779 10.250970 22.135434
1.867063 -0.282462 -0.553880
-0.027235 0.004627 -0.062607
0.006810 0.003043 0.032952
0.004232 -0.001939 0.000113
-0.000227 -0.000054 -0.000810
-0.000335 0.000143 0.000120
0.000044 -0.000017 -0.000011
21.948363 9.625504 20.903449
1.938650 -0.277121 -0.395920
0.045654 -0.005609 0.104444
-0.004127 0.000290 0.009647
-0.006168 0.001510 -0.004443
0.000015 0.000038 -0.000402
0.000371 -0.000129 -0.000061
-0.000045 0.000016 0.000022
26.423939 8.998662 20.511801
1.885089 -0.253705 -0.034965
-0.081280 0.016142 -0.011690
-0.014514 0.000456 -0.045393
0.004158 -0.001534 -0.004691
0.000157 0.000006 0.001153
-0.000350 0.000125 0.000288
0.000043 -0.000015 -0.000046
30.726958 8.402372 19.465782
1.326067 -0.208924 -1.005759
-0.132896 0.008342 -0.268945
-0.015264 0.005760 0.013610
-0.002527 0.002129 0.010864
0.000959 -0.000177 -0.001083
0.000451 -0.000148 -0.000569
-0.000100 0.000025 0.000099
32.470792 8.119506 17.221072
0.777759 -0.111651 -1.651187
-0.182745 0.053345 -0.112033
0.008096 0.008360 0.030821
0.008035 -0.001382 -0.005609
-0.000247 -0.000212 -0.001093
-0.000696 0.000140 0.000567
0.000111 -0.000023 -0.000057
33.303070 8.097006 14.478435
0.356136 0.092113 -1.866161
-0.078098 0.072324 -0.051887
0.022652 0.000617 0.000511
-0.004457 -0.000901 -0.001109
-0.001122 -0.000041 0.001299
0.000508 -0.000104 -0.000052
-0.000046 0.000016 -0.000009
33.853222 8.678044 9.866565
0.126287 0.363057 -1.994249
-0.048765 0.017887 0.045956
0.001338 -0.020256 0.038742
0.003464 -0.002862 0.005812
0.000693 0.000309 -0.000462
-0.000250 0.000153 -0.000198
0.000017 -0.000017 0.000018
34.283535 9.205122 5.491126
0.370908 -0.250932 0.003003
0.135927 -0.116351 0.433221
0.007063 0.019175 -0.012299
-0.005580 0.005111 -0.011871
-0.000315 -0.000856 -0.000035
0.000154 -0.000264 0.000239
-0.000008 0.000039 -0.000016
35.973642 8.216804 7.624506
0.849450 -0.407690 1.302050
0.002196 0.010737 -0.007945
-0.031183 -0.012591 -0.080338
0.000646 -0.008733 0.001484
0.000945 0.000417 0.001440
0.000012 0.000432 -0.000044
-0.000013 -0.000048 -0.000009
37.657314 6.978879 9.733681
0.511712 -0.822686 0.206872
-0.088501 -0.186826 -0.371771
0.015778 -0.010550 -0.008283
0.006714 0.010328 0.010650
-0.000422 0.001011 -0.000225
-0.000207 -0.000348 -0.000193
0.000019 0.000016 0.000019
38.584326 4.551299 8.642004
0.516246 -1.341781 -1.125714
0.105148 0.025055 -0.204056
0.028376 0.067304 0.048131
-0.005172 0.003215 0.001574
-0.001260 -0.001873 -0.000934
0.000073 -0.000111 0.000080
0.000017 0.000036 -0.000002
39.774967 2.725491 6.481037
0.957417 -0.739580 -1.407891
0.119061 0.320918 0.023515
-0.028161 0.038096 0.040143
-0.009986 -0.010920 -0.003103
0.000385 -0.000930 -0.000249
0.000264 0.000304 0.000060
-0.000021 -0.000016 -0.000004
42.140442 4.823342 2.894293
-0.666274 1.042286 -0.071749
-0.354461 -0.075827 0.178620
0.033747 -0.035210 -0.013655
0.012693 0.007836 -0.003490
-0.000916 0.000646 -0.000319
-0.000366 -0.000180 -0.000065
0.000045 0.000007 0.000025
39.868772 6.436013 3.276153
-1.397680 0.593761 0.340888
0.014428 -0.089420 -0.005905
0.066221 0.027275 -0.050354
-0.005493 0.005472 -0.003843
-0.001573 -0.000952 0.000915
0.000255 -0.000091 0.000275
-0.000009 0.000014 -0.000039
37.433357 7.627272 3.465837
-0.745727 0.684187 -0.380296
0.206519 0.127090 -0.295365
-0.009165 0.023172 -0.016521
-0.007845 -0.006101 0.011332
0.000853 -0.000765 0.000671
0.000124 0.000120 -0.000313
-0.000018 -0.000000 0.000020
36.488494 10.403456 0.633552
-0.163106 1.296236 -1.482895
0.005586 -0.000431 -0.002466
-0.016488 -0.051318 0.067931
0.005119 -0.003900 -0.000019
0.000244 0.001073 -0.001424
-0.000201 0.000111 0.000050
0.000015 -0.000016 0.000005
35.906342 12.817769 -2.304086
-0.105295 -0.305735 0.137133
0.030482 -0.294322 0.265786
-0.006518 0.035882 -0.038218
-0.004556 0.011242 -0.008573
-0.000054 -0.000703 0.000857
0.000172 -0.000281 0.000168
-0.000015 0.000027 -0.000019
35.319744 10.746131 -0.895819
-0.490939 -0.355608 0.199908
-0.161362 0.259663 -0.211958
-0.011832 0.025402 -0.019203
0.004179 -0.011744 0.009645
0.000120 -0.000268 0.000129
-0.000154 0.000326 -0.000245
0.000016 -0.000026 0.000019
32.033340 12.064803 -2.219867
-1.475893 0.871476 -0.763937
-0.110627 0.023024 -0.008938
0.010123 -0.032578 0.027021
0.000346 0.004588 -0.003941
0.000538 0.000410 -0.000412
0.000197 -0.000256 0.000189
-0.000037 0.000028 -0.000018
28.523033 13.806417 -3.713076
-1.712950 0.696041 -0.590743
0.042350 -0.074239 0.058391
0.048766 -0.004402 -0.001709
0.006862 0.000908 -0.001553
-0.000504 -0.000215 0.000287
-0.000360 0.000159 -0.000080
0.000037 -0.000017 0.000008
25.335358 15.212662 -5.110771
0.077104 0.286152 -0.414747
0.467188 -0.016062 -0.020856
-0.004718 0.024463 -0.015272
-0.014292 0.002839 -0.000539
0.000064 -0.000625 0.000349
0.000423 -0.000204 0.000086
-0.000036 0.000026 -0.000012
29.234126 16.801018 -7.123694
1.659944 0.771786 -0.828132
-0.031610 0.036637 -0.027139
-0.030514 -0.045327 0.027715
0.010980 -0.008212 0.004174
0.000280 0.001264 -0.000696
-0.000401 0.000395 -0.000192
0.000036 -0.000054 0.000026
33.460785 18.094568 -8.951490
1.519111 -0.164250 -0.304380
0.049557 -0.285841 0.167393
0.017843 0.016481 -0.006672
-0.004067 0.014918 -0.008250
-0.000547 -0.000725 0.000259
0.000300 -0.000636 0.000308
-0.000036 0.000077 -0.000032
36.973194 16.852759 -9.042530
1.812746 -0.773518 0.086019
0.060026 0.027738 -0.007604
-0.009450 0.044094 -0.029116
-0.001641 -0.009844 0.004525
-0.000118 -0.001557 0.001162
-0.000233 0.000505 -0.000165
0.000045 -0.000035 -0.000003
40.616305 15.618559 -9.030125
1.860743 -0.495470 -0.086248
-0.064510 0.035290 -0.026731
-0.038484 -0.034528 0.024162
-0.004499 -0.005353 0.005694
0.000707 0.001561 -0.001000
0.000374 0.000030 -0.000206
-0.000051 -0.000017 0.000033
44.044727 14.194421 -9.000000
0.924783 -0.929355 0.266436
-0.298399 -0.193253 0.157423
-0.001133 -0.010494 0.005981
0.011698 0.007749 -0.008038
0.000228 0.000086 -0.000162
-0.000444 -0.000244 0.000327
0.000039 0.000021 -0.000029
44.866695 10.173986 -7.258866
-0.000318 -1.735390 0.771104
0.028569 -0.043044 -0.012384
0.035315 0.021253 -0.015242
-0.007587 -0.003437 0.005718
-0.000742 -0.000451 0.000435
0.000330 0.000181 -0.000257
-0.000026 -0.000013 0.000019
45.245114 6.009259 -5.537872
0.323889 -1.770010 0.735757
0.041276 -0.002079 0.037234
-0.019075 -0.002594 0.015924
-0.000729 0.000476 -0.001907
0.000897 0.000617 -0.000990
-0.000098 -0.000030 0.000056
0.000003 -0.000004 0.000007
46.001064 1.936058 -3.557820
0.265598 -1.727121 0.956750
-0.041968 0.051778 -0.001971
0.000399 0.022777 -0.034077
0.002905 0.003280 -0.006059
-0.000170 -0.000295 0.000513
-0.000056 -0.000102 0.000162
0.000006 0.000009 -0.000015
46.631870 -2.125410 -1.957432
0.227352 -0.580427 -0.382566
0.035636 0.277849 -0.381204
0.004493 0.001560 -0.008405
-0.001907 -0.006820 0.010127
-0.000037 -0.000364 0.000515
0.000071 0.000094 -0.000161
-0.000008 -0.000000 0.000003
47.520570 -2.000354 -5.446816
0.398759 0.400955 -1.823900
0.013640 -0.010899 -0.017051
-0.005439 -0.061728 0.080123
-0.000039 -0.001224 0.000975
-0.000094 0.001182 -0.001714
-0.000077 0.000094 -0.000110
0.000012 -0.000021 0.000030
48.495739 -1.953845 -9.000000
0.318432 -0.638300 -0.692016
-0.064918 -0.322853 0.350412
-0.019986 0.000765 -0.010192
-0.002092 0.010920 -0.014142
0.000278 -0.000158 0.000629
0.000127 -0.000273 0.000422
-0.000015 0.000025 -0.000045
48.331924 -5.920268 -9.000000
-0.582119 -1.713667 0.256656
-0.204518 0.016752 -0.045792
0.005313 0.042097 -0.025724
0.005435 -0.004666 0.009868
-0.000126 -0.000493 -0.000035
-0.000173 0.000234 -0.000498
0.000026 -0.000030 0.000071
47.116811 -8.235379 -8.764132
-1.078355 -1.465575 0.068848
-0.126251 0.136629 -0.058440
0.027523 0.014599 0.011219
0.001894 -0.004097 0.001563
-0.000489 0.000218 -0.001275
0.000089 -0.000069 0.000209
-0.000018 0.000016 -0.000011
45.296642 -10.111113 -8.754556
-1.255254 -1.004464 -0.033765
0.011767 0.151367 -0.015668
0.030536 -0.007078 0.003869
-0.001005 -0.002879 -0.002281
-0.000573 0.000361 0.000078
-0.000107 0.000100 0.000089
0.000024 -0.000018 -0.000004
43.245922 -11.481729 -8.861727
-0.979916 -0.572458 -0.091888
0.116221 0.087240 -0.022195
0.001416 -0.011297 -0.001336
-0.006496 0.001459 0.001817
-0.000128 0.000201 0.000747
0.000190 -0.000130 0.000036
-0.000012 0.000014 -0.000023
41.241726 -12.519195 -9.109638
-0.723862 -0.262576 0.041058
-0.058841 0.038000 0.139814
-0.027143 -0.006696 0.043542
0.003731 -0.000808 0.000808
0.001123 0.000095 -0.002010
-0.000030 0.000117 -0.000389
-0.000034 -0.000025 0.000120
40.393227 -12.761048 -8.864923
-0.913195 -0.207486 0.467251
-0.108131 0.014177 0.255031
-0.001323 -0.007395 0.020965
0.007734 0.000620 -0.011302
0.000143 0.000261 -0.001691
-0.000281 -0.000064 0.000490
0.000025 0.000005 -0.000028
37.895629 -13.227074 -6.546339
-1.118327 -0.212339 1.346941
0.060752 -0.005394 0.003080
0.032931 0.001486 -0.080445
-0.002505 0.000674 -0.003686
-0.001012 -0.000070 0.001982
0.000114 0.000016 0.000042
-0.000002 -0.000002 -0.000018
35.658825 -13.807729 -4.426495
-0.409187 -0.154882 -0.320781
0.090376 0.033190 -0.433531
-0.029329 0.006846 0.017936
-0.004364 0.000206 0.015162
0.000651 -0.000092 -0.000384
0.000079 -0.000018 -0.000316
-0.000009 0.000002 0.000025
33.572303 -13.612488 -8.704268
-1.081847 0.296287 -0.914350
-0.174627 0.056690 0.292415
0.016116 -0.008077 0.027642
0.007319 -0.001556 -0.013234
-0.000330 0.000109 -0.000180
-0.000166 0.000036 0.000334
0.000016 -0.000004 -0.000028
30.378044 -12.722367 -9.232813
-1.348090 0.372716 0.329102
0.094008 -0.028725 0.128214
0.040302 -0.011120 -0.049701
-0.003145 0.001054 0.000033
-0.000756 0.000174 0.001256
0.000106 -0.000027 -0.000136
-0.000004 0.000001 0.000004
