PIECE NUM :365, DURATION :900.572605s.
POSITION COEFFICIENT [X, Y, Z]
ROWS :2920, COLS :3.
2.172627 3.112132 -0.833826
0.000000 0.000000 0.000000
0.000000 0.000000 0.000000
0.000000 0.000000 0.000000
0.027815 0.039014 -0.007385
-0.008332 -0.011557 0.003140
0.000923 0.001268 -0.000518
-0.000037 -0.000051 0.000029
4.231939 6.058170 -1.230236
1.099490 1.586862 -0.274811
0.051878 0.079504 -0.089937
-0.038395 -0.056857 -0.025596
0.001375 0.000836 -0.003554
0.001119 0.001492 0.000910
-0.000186 -0.000251 0.000345
0.000009 0.000015 -0.000051
6.517881 9.336395 -2.501479
0.919654 1.274484 -1.000562
-0.097053 -0.181489 -0.201929
-0.004892 -0.019239 0.016243
0.003724 0.004751 0.012389
-0.000385 -0.000274 0.000408
-0.000048 -0.000023 -0.000422
0.000006 0.000003 0.000030
8.745582 11.239030 -6.355557
0.295050 -0.231622 -0.069185
-0.083175 -0.163869 0.451019
-0.009115 0.009057 0.015230
-0.001521 0.000074 -0.014647
0.000485 0.000075 -0.000262
0.000124 0.000054 0.000364
-0.000017 -0.000007 -0.000027
8.583486 9.090900 -2.601297
-0.341335 -0.896227 1.756469
-0.013370 -0.001091 -0.022831
0.044179 0.029309 -0.056104
0.005919 0.001745 0.006823
-0.000846 -0.000378 0.000817
-0.000258 -0.000099 -0.000255
0.000032 0.000013 0.000018
8.693095 7.208936 1.448649
0.778529 -0.202524 0.931286
0.326335 0.198381 -0.158722
-0.004972 0.000692 0.013042
-0.011845 -0.005569 0.002313
0.000232 0.000094 -0.000367
0.000383 0.000154 0.000118
-0.000037 -0.000015 -0.000015
12.898333 7.981605 3.250558
1.789083 0.578888 0.514924
-0.009819 0.045339 0.038919
-0.029111 -0.019011 0.028865
0.008010 0.002142 -0.001022
0.000385 0.000095 -0.000978
-0.000365 -0.000154 -0.000189
0.000035 0.000018 0.000038
17.049955 9.452066 5.022718
1.616456 0.548025 0.946894
-0.011947 -0.052910 0.040151
0.008776 -0.014890 -0.046789
-0.002335 -0.001306 -0.010251
-0.000630 0.000092 0.001079
0.000227 0.000153 0.000469
-0.000017 -0.000018 -0.000057
21.335539 10.237836 6.684520
1.541230 -0.055381 -0.122021
-0.038839 -0.145314 -0.373464
-0.005762 0.003989 -0.001528
0.001886 0.004166 0.016161
0.000377 -0.000199 -0.000043
-0.000102 -0.000190 -0.000608
0.000005 0.000024 0.000059
25.302201 9.217207 4.206492
1.381247 -0.583029 -1.272339
0.007523 -0.049600 0.013893
0.011356 0.002908 0.038591
-0.000791 -0.002928 -0.010206
-0.000496 0.000424 -0.000614
-0.000004 0.000265 0.000539
0.000007 -0.000036 -0.000052
28.885860 7.474348 1.369103
1.495870 -0.783141 -1.010493
-0.000951 0.008915 0.034606
-0.018555 0.033373 -0.004291
-0.003368 0.007554 0.004341
0.000398 -0.000298 0.000714
0.000124 -0.000362 -0.000361
-0.000014 0.000035 0.000029
32.784290 6.482100 -1.164328
0.880829 0.551967 -0.529072
-0.163951 0.378398 0.131360
0.004418 0.000343 -0.002256
0.005879 -0.012258 -0.006499
-0.000101 -0.000012 -0.000269
-0.000178 0.000393 0.000253
0.000016 -0.000037 -0.000017
34.259670 10.017097 -1.957177
0.415910 1.861809 -0.267738
0.009373 0.057448 -0.067293
0.021743 -0.049515 -0.026831
-0.003631 0.004461 0.004976
-0.000598 0.000808 0.001204
0.000115 -0.000288 -0.000065
-0.000003 0.000028 -0.000015
35.317675 13.899837 -2.957166
0.578887 1.626085 -0.630972
0.023382 -0.123507 -0.018348
-0.016591 -0.010434 0.047355
-0.003174 0.002774 0.008174
0.000586 -0.000232 -0.001098
0.000069 0.000126 -0.000292
-0.000011 -0.000017 0.000036
36.695545 17.477850 -3.572922
0.241131 0.927608 0.623103
-0.113788 -0.071116 0.382860
0.000834 0.022622 -0.001674
0.004435 0.001401 -0.014069
-0.000166 -0.000908 0.000031
-0.000157 -0.000205 0.000424
0.000018 0.000037 -0.000039
36.734992 19.611316 -0.184908
-0.126498 0.851108 1.813733
-0.023061 -0.032337 0.024003
0.010968 -0.032918 -0.061363
-0.002402 -0.009366 0.004734
-0.000178 0.000708 0.001391
0.000155 0.000424 -0.000240
-0.000018 -0.000048 0.000011
36.382710 20.821108 3.646706
-0.159300 -0.112848 1.271461
-0.004088 -0.362374 -0.163446
-0.000041 -0.022032 0.010191
0.000312 0.012388 0.006248
-0.000060 0.001075 -0.000693
-0.000138 -0.000373 -0.000053
0.000019 0.000019 0.000009
35.887284 18.073463 6.341711
-0.246043 -1.561448 0.899766
-0.058675 -0.018755 0.041687
-0.021070 0.078644 0.021689
-0.002627 -0.001123 -0.003065
0.000611 -0.002055 -0.000219
0.000220 -0.000009 0.000111
-0.000034 0.000029 -0.000013
34.722858 15.169164 8.836081
-0.850466 -0.703201 1.290092
-0.166537 0.272741 0.096892
0.007698 -0.015305 -0.003516
0.007238 -0.013006 -0.002114
-0.000207 0.001099 -0.000091
-0.000338 0.000461 -0.000093
0.000038 -0.000059 0.000016
31.919674 14.554264 12.458684
-1.260664 -0.054801 1.535003
0.008675 -0.007521 -0.040277
0.014133 -0.014754 -0.036608
-0.006269 0.011630 -0.003123
-0.000370 0.000375 0.000622
0.000316 -0.000559 0.000189
-0.000029 0.000052 -0.000025
28.569668 14.569355 15.556690
-1.302001 0.254919 0.533532
-0.058516 0.165861 -0.276086
-0.009718 0.014737 0.002470
0.003469 -0.008694 0.008615
0.000354 -0.000753 -0.000160
-0.000226 0.000420 -0.000286
0.000021 -0.000033 0.000029
24.286059 16.486075 15.299532
-1.613975 0.855176 -0.451941
-0.031380 -0.023209 -0.036717
0.001846 -0.025332 0.021673
-0.002046 0.005550 -0.004892
0.000118 0.000806 0.000010
0.000199 -0.000240 0.000305
-0.000026 0.000014 -0.000036
20.048076 18.328598 14.141629
-1.769217 0.651799 -0.414693
-0.012873 0.009045 0.050039
0.015190 0.024776 0.020234
0.003784 0.000829 0.004427
-0.000329 -0.000943 -0.000074
-0.000259 0.000007 -0.000317
0.000035 0.000009 0.000032
15.800379 20.389200 13.854916
-1.460687 1.057091 0.363604
0.110723 0.100757 0.236238
-0.001923 -0.011613 0.003017
-0.005588 -0.005097 -0.008925
0.000412 0.000430 -0.000597
0.000356 0.000173 0.000248
-0.000047 -0.000021 -0.000013
12.997821 23.020823 15.637502
-1.116587 1.199748 1.063153
0.053686 -0.041642 0.002275
0.006320 -0.016093 -0.062688
0.007126 0.004237 -0.002302
0.000240 0.000510 0.001330
-0.000382 -0.000161 0.000041
0.000033 0.000008 -0.000013
10.767563 25.998230 17.342165
-0.240517 0.979494 -0.205501
0.264136 0.017358 -0.350325
0.008802 0.018734 0.006044
-0.008735 -0.001134 0.010947
-0.000633 -0.000803 -0.000186
0.000278 0.000006 -0.000221
-0.000018 0.000009 0.000018
11.726702 28.934106 14.884074
0.712597 1.211130 -1.295596
0.001290 -0.002330 0.012491
-0.056131 -0.031611 0.057169
0.000398 -0.004985 -0.003353
0.001095 0.000692 -0.001082
-0.000062 0.000181 0.000108
-0.000002 -0.000021 -0.000001
12.595653 31.552343 12.183840
-0.426465 0.227252 -0.314532
-0.270038 -0.253266 0.175807
0.009768 0.011557 -0.026635
0.006796 0.010346 -0.006135
-0.000356 -0.000001 0.000628
-0.000097 -0.000257 0.000079
0.000009 0.000018 -0.000008
7.930879 31.179249 11.038984
-1.105983 0.519916 -0.830916
0.106729 0.272962 -0.190262
0.012959 -0.008180 0.014401
-0.002801 -0.011317 0.006753
0.000647 0.000359 -0.000508
0.000174 0.000285 -0.000167
-0.000040 -0.000028 0.000018
6.260476 33.026736 8.881007
-0.564953 1.218798 -1.266348
0.180606 0.039270 -0.015413
0.021328 -0.054614 0.032108
0.003100 0.001208 -0.003057
-0.000493 0.001475 -0.001031
-0.000369 -0.000094 0.000077
0.000054 -0.000008 0.000011
6.028621 35.218929 6.500113
0.409749 0.865408 -1.106188
0.291743 -0.168818 0.048397
-0.001105 -0.006400 -0.014569
-0.008661 0.008129 -0.005848
-0.000414 -0.000287 0.000757
0.000382 -0.000204 0.000225
-0.000037 0.000023 -0.000029
8.040492 36.373336 4.156054
1.335767 0.305384 -1.205226
0.093530 -0.058732 -0.087547
-0.046429 0.026695 -0.007347
0.000420 -0.001153 0.007807
0.000952 -0.000744 0.000904
-0.000168 0.000132 -0.000202
0.000013 -0.000008 0.000001
10.584457 36.887969 1.653581
1.248193 0.306072 -1.377655
-0.120532 0.038742 0.057585
-0.026357 0.006002 0.056495
0.003500 -0.002957 0.005776
0.000027 0.000166 -0.001323
0.000003 0.000030 -0.000194
-0.000000 -0.000005 0.000029
12.733418 37.966507 -0.470066
0.321642 0.470688 0.141733
-0.175941 0.001871 0.438540
0.013331 -0.010626 0.001587
0.003981 -0.000636 -0.013614
0.000028 -0.000042 -0.000189
-0.000003 -0.000056 0.000337
-0.000007 0.000012 -0.000023
12.811996 38.914662 1.902903
-0.083833 0.257108 1.608383
0.040271 -0.106047 0.095945
0.044230 -0.020456 -0.074414
0.001032 -0.000284 0.001334
-0.000792 0.000565 0.001856
-0.000114 0.000142 -0.000045
0.000020 -0.000031 -0.000020
13.040740 38.926479 4.715354
0.463325 -0.290092 1.350749
0.242743 -0.178879 -0.186540
0.020204 0.001009 -0.017494
-0.007531 0.005434 0.011762
-0.000664 0.000013 0.000016
0.000138 -0.000245 -0.000296
-0.000002 0.000025 0.000024
16.419302 36.832918 7.378234
1.573820 -0.972220 0.719950
0.003682 -0.046012 0.051927
-0.060947 0.005343 0.033010
-0.001044 -0.004310 -0.005486
0.001423 0.000171 -0.000901
0.000098 0.000263 0.000193
-0.000024 -0.000030 -0.000009
19.567060 34.026943 9.820318
0.650371 -1.240030 1.182117
-0.259886 -0.045683 0.042754
0.017789 0.015548 -0.030870
0.012634 0.006173 -0.003342
-0.000377 0.000108 0.000829
-0.000333 -0.000271 0.000033
0.000029 0.000022 -0.000007
20.537939 30.542953 12.990945
0.566337 -0.545138 0.497611
0.251526 0.249041 -0.186360
0.028660 0.007653 0.007058
-0.010901 -0.008411 0.006507
-0.000355 -0.000270 -0.000160
0.000335 0.000232 -0.000135
-0.000028 -0.000016 0.000009
24.609854 30.769392 13.411809
1.885231 0.395468 0.068905
0.083293 -0.013853 0.074349
-0.031611 -0.035473 0.023299
0.002761 0.004382 -0.005447
0.000308 0.000908 -0.000783
-0.000263 -0.000104 0.000067
0.000030 -0.000003 0.000008
28.918487 31.332963 14.021486
1.885771 0.075232 0.438548
-0.074103 -0.062786 0.016584
-0.024271 0.022687 -0.041986
-0.001921 0.005555 -0.006033
-0.000132 -0.000804 0.000962
0.000197 -0.000153 0.000195
-0.000017 0.000021 -0.000026
33.018063 31.708855 14.310442
0.835372 0.413351 -0.577046
-0.277098 0.149372 -0.321884
-0.006040 0.000922 -0.003790
0.006404 -0.007168 0.010573
0.000394 0.000168 -0.000012
-0.000134 0.000268 -0.000311
0.000005 -0.000028 0.000027
33.459824 33.725392 10.647262
-0.295118 0.876305 -1.771355
-0.047492 0.003304 -0.048066
0.048518 -0.008989 0.036475
0.000073 0.005179 -0.005022
-0.001033 0.000078 -0.000733
-0.000037 -0.000279 0.000225
0.000012 0.000029 -0.000014
33.043984 35.665731 6.788680
0.077915 0.926213 -1.695099
0.165393 0.036083 0.032963
0.001922 0.005021 -0.006602
-0.009294 -0.003292 -0.001961
-0.000258 -0.000641 0.000827
0.000155 0.000170 0.000013
-0.000003 -0.000007 -0.000012
33.817734 37.829050 3.160076
0.454548 0.990375 -1.638415
-0.065974 -0.041836 0.011696
-0.061515 -0.024560 0.008875
-0.001972 -0.000691 0.003587
0.001505 0.000877 -0.000218
0.000114 0.000061 -0.000172
-0.000025 -0.000021 0.000020
33.654705 39.725159 -0.647977
-0.841010 0.446710 -1.295796
-0.350164 -0.121266 0.119416
0.014864 0.014227 0.004716
0.013882 0.004593 -0.004280
-0.000075 -0.000951 -0.000153
-0.000323 -0.000304 0.000180
0.000025 0.000054 -0.000018
30.774120 40.289673 -2.850743
-1.673998 0.163594 -0.875107
0.023434 -0.039735 0.060704
0.085211 -0.007664 -0.016560
0.000035 -0.007979 0.000284
-0.001852 0.000149 0.000508
0.000037 0.000481 -0.000074
0.000013 -0.000054 0.000002
27.904709 40.118011 -4.874004
-0.274266 -0.458577 -0.805221
0.423431 -0.201784 -0.012918
-0.000448 -0.001471 -0.002485
-0.012387 0.009525 0.000741
0.000442 0.000296 -0.000351
0.000269 -0.000461 -0.000041
-0.000029 0.000043 0.000014
29.643382 37.857276 -7.145690
1.286274 -1.034592 -0.954606
0.101564 0.019342 -0.058565
-0.050495 0.023319 -0.010552
0.003006 -0.007019 0.000776
0.000487 -0.000699 0.001033
-0.000263 0.000336 0.000215
0.000033 -0.000027 -0.000055
32.275281 35.930740 -9.327327
1.184691 -0.905774 -1.191168
-0.131738 -0.003278 -0.004956
-0.030573 -0.022418 0.041077
0.001319 -0.001488 0.008739
0.000102 0.001035 -0.000978
0.000199 -0.000047 -0.000550
-0.000026 -0.000003 0.000071
34.010746 33.479790 -11.498801
0.184948 -1.241627 -0.365869
-0.237971 -0.102465 0.302963
0.011778 0.005505 0.000751
0.007029 0.005241 -0.016036
-0.000181 -0.000036 -0.000379
-0.000239 -0.000103 0.000634
0.000026 0.000006 -0.000061
33.559241 30.523651 -11.196542
-0.460976 -1.427435 0.403233
-0.038601 0.045724 -0.025262
0.036226 0.033128 -0.074361
-0.002264 -0.000033 0.002490
-0.000733 -0.000758 0.001932
0.000152 -0.000010 -0.000272
-0.000011 0.000009 0.000016
32.620193 27.753414 -11.216026
-0.207273 -0.753071 -0.658854
0.100166 0.187795 -0.316284
0.001547 -0.003699 0.004347
-0.003198 -0.005771 0.009829
0.000133 0.000160 -0.000071
-0.000033 0.000137 -0.000005
0.000007 -0.000015 -0.000012
32.610842 26.831099 -14.110434
0.136253 -0.168224 -1.591197
0.020240 0.034094 0.001705
-0.022015 -0.029900 0.077861
-0.001245 0.000472 0.003236
0.000467 0.000346 -0.001528
0.000081 -0.000110 -0.000204
-0.000013 0.000013 0.000035
32.735958 26.163582 -16.925478
-0.145746 -0.520457 -0.236436
-0.096469 -0.160354 0.420058
0.003878 -0.020536 -0.004340
0.005303 0.001434 -0.015803
-0.000012 0.000379 0.000141
-0.000143 0.000115 0.000423
0.000012 -0.000023 -0.000036
32.096539 24.068758 -15.771858
-0.323174 -1.406066 0.995616
0.045526 -0.198210 0.054608
0.029310 0.016055 -0.075930
-0.000773 0.005262 0.003139
-0.000675 -0.000478 0.002055
0.000043 -0.000244 -0.000134
-0.000006 0.000047 -0.000018
31.804611 21.602787 -14.387723
-0.016962 -1.839527 0.736571
0.146324 -0.082760 -0.187928
0.011540 0.028749 -0.023519
-0.005038 -0.000994 0.011861
-0.000560 -0.000466 -0.000003
-0.000018 0.000247 -0.000326
0.000017 -0.000029 0.000032
32.449706 17.449125 -13.678374
0.521929 -1.830915 -0.000631
0.030071 0.083571 -0.079133
-0.049385 0.026480 0.038024
-0.006108 0.001132 0.000345
0.000945 -0.000107 -0.001005
0.000247 -0.000192 0.000173
-0.000031 0.000021 -0.000013
32.842514 13.440125 -13.506730
-0.662468 -0.736414 0.347959
-0.347869 0.230815 0.152200
0.005136 -0.011846 0.008935
0.012348 -0.006583 -0.003644
-0.000296 0.000330 -0.000330
-0.000388 0.000242 -0.000097
0.000038 -0.000027 0.000020
29.126916 12.663847 -11.541423
-1.764727 -0.046120 0.962420
-0.018171 0.021949 -0.015402
0.035671 -0.014854 -0.054799
-0.007637 0.005386 -0.004723
-0.000717 0.000046 0.001203
0.000335 -0.000277 0.000286
-0.000025 0.000032 -0.000043
25.025984 12.618269 -10.103668
-1.649382 0.018301 -0.039162
0.001590 0.023060 -0.336040
-0.014708 0.000028 -0.001531
0.000857 -0.002543 0.013744
0.001147 -0.000085 0.000159
-0.000076 0.000259 -0.000431
-0.000006 -0.000029 0.000037
20.883409 12.743552 -11.808046
-1.698428 0.059760 -1.048189
0.041199 0.004982 0.007832
0.032669 0.009342 0.062742
0.004949 0.004673 -0.004006
-0.000733 0.000029 -0.001482
-0.000179 -0.000243 0.000208
0.000021 0.000021 -0.000008
17.093431 13.601152 -13.746760
-0.375648 0.675870 -0.013648
0.281658 0.159232 0.151050
-0.021027 -0.008839 -0.032549
-0.010786 -0.007756 -0.004756
0.000229 -0.000060 0.000826
0.000280 0.000234 0.000032
-0.000022 -0.000017 -0.000006
17.201576 16.660233 -13.597162
-0.256888 0.607537 -0.321395
-0.248377 -0.192411 -0.178514
-0.020691 -0.014628 -0.001332
0.011353 0.008365 0.006780
0.000408 0.000433 -0.000012
-0.000263 -0.000187 -0.000112
0.000016 0.000009 0.000007
15.006537 17.066596 -15.371681
-1.229362 -0.117092 -0.868114
-0.020719 0.000402 0.023041
0.057823 0.049796 0.040226
-0.000192 0.000461 -0.000368
-0.001456 -0.001250 -0.000765
0.000022 -0.000030 0.000015
0.000011 0.000015 0.000005
12.562384 17.460423 -16.853889
-0.507851 0.616391 -0.148024
0.212827 0.207700 0.210333
-0.013969 -0.013643 -0.000163
-0.010383 -0.009956 -0.005830
0.000312 0.000241 0.000111
0.000212 0.000228 0.000101
-0.000016 -0.000018 -0.000008
11.354609 20.706760 -15.205408
-0.855479 0.302564 0.585744
-0.273788 -0.259911 -0.052639
-0.000902 -0.001789 -0.014664
0.011690 0.010278 0.003718
0.000207 -0.000116 0.000027
-0.000221 -0.000258 -0.000108
0.000012 0.000024 0.000011
8.314595 20.280117 -14.234123
-1.607829 -0.508147 0.271173
0.028579 -0.042184 -0.063828
0.074862 0.047937 0.005391
0.001831 -0.000911 0.000189
-0.001546 -0.001004 -0.000263
-0.000038 0.000127 0.000065
0.000017 -0.000005 -0.000005
5.530387 19.400291 -13.866883
-0.014144 0.093641 0.028271
0.429186 0.193802 -0.026097
-0.005550 0.003394 0.004522
-0.011711 -0.004320 0.000253
0.000473 0.000219 -0.000003
0.000282 0.000021 -0.000034
-0.000028 -0.000001 0.000003
8.699228 21.349625 -13.894196
1.620163 1.008690 -0.012435
0.062144 0.060970 0.002045
-0.028332 -0.021166 -0.002438
0.006769 0.000651 -0.001295
-0.000023 0.000323 0.000026
-0.000335 -0.000010 0.000037
0.000037 -0.000002 0.000002
12.092740 23.486298 -13.949171
1.695634 1.041306 -0.066203
-0.003371 -0.028378 -0.031430
-0.008327 -0.005240 -0.004330
-0.003337 0.002846 0.001929
-0.000919 0.000063 0.000679
0.000187 -0.000033 0.000070
0.000002 -0.000001 -0.000031
14.992960 25.238485 -14.157458
1.506613 0.954244 -0.141334
-0.132722 -0.004359 0.018604
-0.039151 0.012975 0.027863
-0.002215 0.001715 0.005301
0.001225 -0.000335 -0.000589
0.000217 -0.000042 -0.000309
-0.000043 0.000005 0.000039
17.301504 27.552187 -13.982714
0.396623 1.159840 0.467744
-0.292507 0.087227 0.229056
0.014684 0.006016 0.009335
0.010929 -0.003336 -0.009443
-0.000446 -0.000381 -0.000619
-0.000462 0.000035 0.000305
0.000052 0.000004 -0.000020
16.983243 30.985061 -11.560970
-0.377807 1.452496 1.219715
-0.005117 -0.026055 -0.020542
0.020779 -0.034407 -0.056164
-0.009881 -0.002253 0.000541
-0.000519 0.000749 0.001283
0.000453 0.000113 -0.000055
-0.000037 -0.000016 -0.000004
15.716606 34.200905 -9.300204
-0.643633 0.526813 0.078136
-0.131977 -0.204588 -0.242640
-0.007743 0.018686 0.022168
0.007902 0.008740 0.008335
0.000639 -0.000267 -0.000498
-0.000322 -0.000228 -0.000146
0.000022 0.000018 0.000013
12.561625 35.227558 -10.248834
-0.742834 0.608688 -0.036949
0.158157 0.208050 0.200304
0.018317 0.007263 0.017472
-0.007531 -0.010533 -0.008418
-0.000489 -0.000327 -0.000301
0.000216 0.000222 0.000165
-0.000013 -0.000012 -0.000009
11.414243 39.302265 -7.745081
-0.314592 0.184590 0.470032
-0.131400 -0.376950 -0.183943
-0.010324 -0.020365 -0.021005
0.005583 0.010515 0.006878
-0.000152 0.000498 0.000441
-0.000190 -0.000161 -0.000110
0.000020 0.000004 0.000001
9.222702 36.622369 -8.015327
-1.035397 -1.505678 -0.432732
-0.094328 -0.007113 0.005393
-0.004517 0.076298 0.045672
-0.003341 -0.000380 -0.000712
0.000353 -0.001604 -0.001328
0.000245 -0.000065 -0.000080
-0.000035 0.000027 0.000033
6.511892 34.043034 -8.545093
-1.549651 -0.678395 0.047540
-0.137102 0.319607 0.155381
0.004778 0.007130 -0.012184
0.005100 -0.012835 -0.009120
0.000113 0.000110 0.000796
-0.000282 0.000334 0.000413
0.000030 -0.000025 -0.000058
2.670461 33.894236 -7.972619
-1.915100 0.372438 0.342704
-0.014174 0.101669 -0.020858
0.020439 -0.050784 -0.014730
-0.002690 0.002712 0.007969
-0.000564 0.001941 0.000484
0.000178 -0.000051 -0.000461
-0.000014 -0.000043 0.000051
-1.085096 34.732250 -7.371780
-1.830363 0.383315 0.309481
0.032414 -0.024202 0.043374
-0.002728 0.016086 0.022978
-0.001480 0.007168 -0.000647
0.000432 -0.002236 -0.000816
-0.000011 -0.000649 0.000243
-0.000001 0.000156 -0.000041
-3.778295 35.323400 -6.737536
-1.761079 0.442672 0.574085
0.013652 0.044967 0.122507
-0.002856 -0.007617 0.009783
0.001227 -0.013108 -0.003450
0.000264 -0.000688 -0.000584
-0.000027 0.000992 -0.000192
-0.000000 -0.000114 0.000068
-6.732440 36.068330 -5.398963
-1.706625 0.308625 0.978279
0.029907 -0.164588 0.080143
0.010419 -0.052483 -0.029542
0.002269 0.004444 -0.005054
-0.000025 0.002515 0.001581
-0.000030 -0.000364 0.000617
-0.000007 0.000004 -0.000132
-9.535034 35.902374 -3.621669
-1.465894 -0.565113 0.988264
0.117571 -0.274103 -0.042134
0.020008 0.017477 0.005598
-0.000615 0.010552 0.012314
-0.000787 -0.001023 -0.000384
-0.000116 -0.000314 -0.000993
0.000042 0.000052 0.000156
-11.388414 34.566395 -2.187702
-1.016043 -1.158282 1.019501
0.170799 -0.106213 0.083653
-0.001209 0.045946 0.031986
-0.005441 -0.001395 -0.005404
0.000127 -0.001413 -0.002027
0.000322 0.000227 0.000623
-0.000051 -0.000020 -0.000047
-12.514256 32.817161 -0.498028
-0.587904 -1.219277 1.368394
0.116555 0.044081 0.128547
-0.018285 0.019497 -0.010762
0.000169 -0.006560 -0.005605
0.000722 -0.000315 0.001301
-0.000183 0.000030 0.000154
0.000017 0.000028 -0.000082
-13.133158 31.289783 1.524517
-0.365083 -1.062647 1.622361
0.055014 0.048309 0.056341
-0.011317 -0.016669 -0.019305
0.001511 -0.005517 0.000345
-0.000107 0.000978 -0.000552
-0.000023 0.000293 -0.000616
0.000003 -0.000067 0.000161
-13.544675 29.907380 3.738160
-0.266591 -1.054810 1.654969
0.022466 -0.046111 -0.045220
-0.005974 -0.022296 -0.038679
0.000391 0.003210 -0.006415
-0.000198 0.000802 0.000525
0.000000 -0.000337 0.000885
0.000017 0.000043 -0.000160
-13.882351 28.332646 5.804583
-0.237329 -1.267189 1.275129
-0.001001 -0.094421 -0.232229
-0.005408 -0.001688 -0.038132
0.000594 0.003089 0.007748
0.000485 -0.000273 0.001519
0.000166 0.000075 -0.000643
-0.000053 -0.000016 0.000075
-14.244918 26.265478 7.099723
-0.253326 -1.521583 0.454859
0.002448 -0.067281 -0.285735
0.010573 0.012823 0.011788
0.003669 0.001764 0.006391
-0.000453 -0.000326 -0.000742
-0.000378 -0.000087 0.000133
0.000067 0.000018 -0.000029
-14.581255 23.773522 7.189305
-0.139563 -1.623753 -0.272967
0.067891 0.002060 -0.158547
0.007558 0.012924 0.037732
-0.004746 -0.001611 0.001572
-0.000541 -0.000233 -0.000987
0.000359 0.000107 -0.000185
-0.000036 -0.000007 0.000045
-14.630736 21.201970 6.492637
0.059572 -1.545036 -0.503586
0.035887 0.038870 -0.001414
-0.015510 0.003723 0.017215
-0.000369 -0.000383 -0.007063
0.000972 0.000405 -0.000342
-0.000046 0.000025 0.000318
-0.000016 -0.000021 -0.000032
-14.493537 18.718467 5.663213
0.074055 -1.373666 -0.490065
-0.012333 0.067731 -0.021959
0.000866 0.009078 -0.018565
0.003220 0.000527 -0.001623
-0.000436 -0.000614 0.000994
-0.000231 -0.000226 -0.000055
0.000043 0.000052 -0.000002
-14.370446 16.444895 4.557527
0.075407 -1.065900 -0.754368
0.009725 0.073739 -0.106064
-0.002131 -0.015404 -0.004179
-0.003228 -0.005143 0.004326
0.000079 0.000657 0.000241
0.000323 0.000454 -0.000080
-0.000047 -0.000069 0.000007
-14.235803 14.545915 2.773273
0.038608 -1.006158 -1.077760
-0.027973 -0.027752 -0.031761
-0.000753 -0.000207 0.029585
0.003834 0.009013 0.003951
0.000232 0.000574 -0.000147
-0.000296 -0.000469 0.000012
0.000031 0.000039 -0.000014
-14.221810 12.510405 0.743699
0.018928 -0.841011 -0.713784
0.028974 0.153713 0.230207
0.008203 0.040883 0.048854
-0.003265 -0.003049 -0.001216
-0.000707 -0.001775 -0.001285
0.000144 0.000088 -0.000196
0.000001 0.000025 0.000055
-14.109884 11.689000 0.368564
0.107166 -0.133752 0.331913
0.003455 0.244444 0.386335
-0.018848 -0.011266 0.004695
-0.003281 -0.010306 -0.011109
0.000714 0.000411 -0.000194
0.000151 0.000367 0.000423
-0.000022 -0.000039 -0.000042
-14.202037 12.499779 3.668540
-0.284616 0.449386 1.842717
-0.099022 -0.040073 0.109805
0.015695 -0.019951 -0.041971
0.007525 0.008807 0.003271
-0.000247 0.000461 0.000168
-0.000270 -0.000361 -0.000378
0.000027 0.000032 0.000057
-14.908798 13.182119 7.300192
-0.333030 0.309287 1.870037
0.097024 0.013881 -0.090410
0.039367 0.028480 -0.036699
-0.002891 0.001267 -0.001845
-0.001272 -0.001260 0.000189
0.000090 0.000058 0.000382
0.000005 0.000005 -0.000047
-14.848138 14.249490 10.641551
0.445638 0.728158 0.928793
0.169199 0.129450 -0.283281
-0.026874 -0.006327 0.001146
-0.008537 -0.006436 0.010379
0.000437 0.000082 0.000276
0.000162 0.000140 -0.000369
-0.000013 -0.000009 0.000029
-13.201524 17.374447 11.681046
-0.136565 0.685440 0.186380
-0.328860 -0.162470 0.102120
-0.022138 -0.016041 0.018565
0.009514 0.006624 -0.008580
0.000540 0.000627 0.000034
-0.000153 -0.000087 0.000346
0.000003 -0.000005 -0.000036
-16.171653 18.138991 13.061856
-1.657538 0.073747 0.693912
-0.064107 0.065819 0.048880
0.065814 0.057628 -0.000004
0.000559 0.000308 0.004467
-0.001627 -0.001815 -0.000336
-0.000098 -0.000195 -0.000389
0.000036 0.000053 0.000055
-19.311068 18.987707 14.726603
-1.222066 0.900355 0.961136
0.215448 0.260420 0.071488
0.007609 -0.016652 -0.010365
-0.011555 -0.014751 -0.006961
0.000294 0.000397 -0.000310
0.000412 0.000557 0.000393
-0.000051 -0.000067 -0.000041
-20.896766 21.278396 16.598566
-0.584786 1.396897 0.966335
0.089182 -0.040533 -0.096999
-0.036723 -0.069433 -0.039555
0.000885 0.002496 0.001217
0.001192 0.001758 0.001117
-0.000250 -0.000310 -0.000134
0.000018 0.000020 0.000005
-22.294697 23.645132 17.915407
-0.660039 0.222828 -0.051892
-0.077336 -0.334830 -0.242010
-0.006864 -0.003927 0.007428
0.002055 0.006070 0.005077
-0.000211 -0.000316 -0.000299
0.000065 0.000037 -0.000052
-0.000006 -0.000004 0.000005
-25.658771 20.830156 15.551219
-1.130343 -1.396311 -0.927586
-0.001591 -0.010574 0.020703
0.021649 0.054721 0.021043
0.001404 0.001459 -0.002721
-0.000385 -0.000536 -0.000147
-0.000081 -0.000057 0.000066
0.000010 0.000007 -0.000005
-28.888197 18.117163 12.977566
-0.482238 0.462066 -0.404174
0.078104 0.384489 0.075483
-0.025885 -0.010091 -0.002427
-0.004258 -0.007922 -0.000002
0.000761 0.000196 -0.000006
0.000184 0.000123 -0.000054
-0.000023 -0.000009 0.000006
-30.627526 22.728014 12.332181
-0.748111 1.856541 -0.060762
-0.043355 -0.016381 0.003083
0.038156 -0.041408 -0.016692
0.009575 0.004346 -0.001287
-0.000832 0.000620 0.000310
-0.000345 -0.000080 0.000086
0.000037 -0.000002 -0.000012
-31.792381 27.577307 11.696649
0.465441 1.220022 -0.456246
0.359633 -0.087950 -0.086330
-0.008732 0.018973 0.010029
-0.014677 0.000792 0.003660
0.000139 -0.001188 -0.000451
0.000450 -0.000115 -0.000168
-0.000045 0.000034 0.000025
-29.476755 29.948728 10.457552
1.415478 1.000168 -0.619733
0.009405 -0.066472 0.005835
-0.072421 -0.026885 0.006108
0.002542 -0.008124 -0.004020
0.001596 0.000642 -0.000146
-0.000225 0.000398 0.000215
0.000010 -0.000044 -0.000020
-26.796324 31.427809 8.897325
0.450113 -0.073153 -0.665294
-0.300178 -0.330605 -0.037113
-0.003146 -0.003469 -0.003126
0.006926 0.012977 0.003414
-0.000449 0.000739 0.000439
-0.000046 -0.000385 -0.000138
0.000005 0.000023 0.000007
-29.476812 28.438606 6.179456
-1.071539 0.151674 -0.113445
-0.002212 0.385200 0.160185
0.014099 -0.004013 -0.006059
-0.001720 -0.014754 -0.006269
0.000417 0.000294 -0.000217
0.000108 0.000353 0.000090
-0.000021 -0.000032 0.000004
-31.629245 30.185298 6.472597
-0.901117 1.267895 0.249578
0.094146 0.069751 -0.035944
0.023888 -0.071064 -0.048747
0.002972 0.001539 -0.001116
-0.000187 0.001798 0.001324
-0.000203 -0.000116 0.000153
0.000023 -0.000006 -0.000034
-32.854904 32.634743 6.400752
-0.103943 0.797423 -0.468086
0.269416 -0.209864 -0.233686
0.017488 -0.001737 0.007866
-0.005149 0.010858 0.011792
-0.000572 -0.000253 -0.000043
0.000144 -0.000201 -0.000364
-0.000007 0.000015 0.000029
-29.757811 34.099247 3.404821
1.504377 0.564940 -0.523737
0.060608 0.190656 0.203757
-0.035233 0.021827 0.001143
0.001908 -0.007922 -0.011806
0.000711 -0.000341 0.000251
-0.000027 0.000193 0.000391
-0.000011 -0.000021 -0.000036
-26.885770 35.902940 3.020643
1.444261 1.307407 0.001430
-0.061395 0.147323 0.029791
-0.004082 -0.033597 -0.042324
0.004440 -0.005688 0.003097
-0.000465 0.000288 0.001986
-0.000179 -0.000083 -0.000086
0.000032 0.000028 -0.000030
-24.482403 38.474242 2.939009
1.250403 1.392448 -0.142570
-0.039972 -0.128619 -0.048611
0.003594 -0.064496 0.022983
-0.001982 -0.001409 0.010674
-0.000252 0.001300 -0.000976
0.000219 0.000271 -0.000464
-0.000023 -0.000048 0.000061
-21.711658 40.269566 2.851569
1.042344 -0.140258 0.311075
-0.047240 -0.407094 0.221475
0.003669 0.016358 0.011160
0.002674 0.014387 -0.011778
0.000086 -0.000613 -0.000300
-0.000172 -0.000536 0.000558
0.000017 0.000061 -0.000056
-19.268474 38.046982 4.794035
0.987546 -1.298796 1.064590
0.028910 -0.030121 0.030149
0.005991 0.038239 -0.027108
-0.002812 -0.010077 0.006383
-0.000204 -0.000650 0.000796
0.000133 0.000531 -0.000411
-0.000012 -0.000050 0.000034
-17.178209 35.484901 6.928743
1.089107 -1.255248 1.063993
0.005306 -0.000448 0.008347
-0.009870 -0.011320 0.008979
-0.000129 0.001318 -0.000824
0.000416 0.001545 -0.001295
-0.000030 -0.000164 0.000062
-0.000001 -0.000003 0.000014
-15.067394 32.965129 9.092811
1.016165 -1.261736 1.094971
-0.031393 0.043465 -0.034714
0.000416 0.032508 -0.030889
0.002042 0.006087 -0.006048
0.000003 -0.000669 0.000637
-0.000040 -0.000208 0.000263
0.000002 0.000023 -0.000031
-12.626568 30.721159 11.005359
0.976163 -0.254571 0.178127
0.029884 0.337598 -0.303725
0.011083 0.017506 -0.010927
-0.000662 -0.009186 0.009719
-0.000349 -0.000727 0.000498
-0.000007 0.000200 -0.000281
0.000005 -0.000008 0.000019
-9.273107 32.666110 9.264640
1.255448 1.207018 -0.999614
0.015486 0.005761 0.012812
-0.018775 -0.073446 0.053504
-0.002481 -0.000943 -0.002487
0.000392 0.001307 -0.000921
0.000089 0.000026 0.000123
-0.000011 -0.000012 -0.000005
-5.935952 34.588665 7.479502
0.808235 -0.340156 0.035682
-0.126738 -0.383915 0.235697
0.005188 0.012375 -0.006805
0.005513 0.010615 -0.004350
0.000009 -0.000539 0.000361
-0.000132 -0.000231 0.000019
0.000007 0.000023 -0.000003
-4.218069 31.249689 9.153651
0.608011 -1.595837 0.944012
0.087096 -0.018346 0.054563
0.022906 0.036022 -0.024689
-0.005061 -0.006279 0.000840
-0.001083 -0.000443 0.000192
0.000005 0.000242 -0.000039
0.000023 -0.000021 0.000004
-2.393823 27.901222 11.248547
1.001091 -1.415380 0.876949
0.004275 0.052968 -0.071964
-0.053868 -0.005868 -0.012702
-0.008157 -0.001252 0.001783
0.001283 0.000673 0.000129
0.000355 -0.000072 0.000029
-0.000046 0.000002 -0.000008
-0.867292 24.416729 12.938295
-0.235109 -1.238646 0.396971
-0.393274 0.029458 -0.073215
0.001984 0.003839 0.012919
0.016099 0.001049 0.001585
0.000106 -0.000249 -0.000536
-0.000503 -0.000044 -0.000113
0.000047 0.000008 0.000020
-3.148476 21.717065 13.636084
-1.359270 -1.027997 0.242174
0.011354 0.051349 -0.020868
0.078793 -0.002635 -0.009844
-0.002992 -0.001732 -0.004926
-0.001499 0.000100 0.000216
0.000276 0.000093 0.000219
-0.000020 -0.000010 -0.000022
-5.472566 19.151817 13.754220
0.028494 -0.863551 -0.310923
0.385727 0.017853 -0.166335
0.007168 0.004164 -0.000656
-0.006730 0.002699 0.006702
-0.000108 -0.000013 0.000267
-0.000109 -0.000107 -0.000213
0.000036 0.000008 0.000017
-3.840112 17.525346 12.517979
1.459646 -0.663041 -0.784646
0.247696 0.088536 -0.020662
-0.049203 0.012130 0.039268
-0.003730 -0.001839 0.001033
0.001763 -0.000637 -0.000867
0.000411 0.000006 0.000029
-0.000118 0.000009 -0.000003
-1.282728 16.760906 11.432429
1.873145 -0.357687 -0.591618
0.048643 0.099037 0.141515
-0.025512 -0.011019 0.027556
0.009413 -0.005353 -0.004833
-0.000068 -0.000168 -0.000760
-0.000821 0.000099 -0.000006
0.000118 0.000010 0.000024
1.863406 16.353509 10.921016
1.948063 -0.213875 -0.014842
0.012258 -0.035735 0.170952
-0.008221 -0.039334 -0.018984
-0.006092 -0.001156 -0.007561
-0.001494 0.001384 0.000551
0.000531 0.000216 0.000272
-0.000042 -0.000054 -0.000039
5.035967 15.732075 11.234168
1.786959 -0.617456 0.293251
-0.148200 -0.177079 -0.002549
-0.052416 -0.003488 -0.039431
-0.003289 0.010623 0.002047
0.001356 0.000417 0.001021
0.000041 -0.000411 -0.000177
-0.000013 0.000032 0.000009
7.644983 12.777354 11.265255
-0.477491 -0.841245 -0.410578
-0.435422 0.157529 -0.135646
0.023786 0.025330 0.008701
0.010342 -0.008752 0.001783
-0.000524 -0.000596 -0.000404
-0.000239 0.000304 0.000028
0.000023 -0.000022 0.000000
3.443582 11.672760 9.073884
-1.774134 -0.065634 -0.922774
0.025290 0.006462 -0.034817
0.034311 -0.030250 0.008869
-0.008521 0.002983 -0.000434
-0.000488 0.000729 0.000117
0.000243 -0.000159 0.000029
-0.000015 0.000009 -0.000007
-0.776447 11.196159 6.594605
-1.515911 -0.361938 -0.921633
-0.008446 -0.065833 0.040438
-0.025391 0.009288 0.011718
0.000726 0.002173 -0.000114
0.001218 -0.000405 -0.000389
-0.000024 0.000014 -0.000094
-0.000011 0.000001 0.000016
-5.104750 10.018734 4.594825
-1.787150 -0.441060 -0.601415
-0.004647 0.037245 0.032542
0.038717 0.011413 -0.023672
0.007072 -0.000870 -0.004780
-0.000798 0.000006 0.000455
-0.000232 0.000039 0.000201
0.000025 -0.000005 -0.000023
-9.244143 9.289645 2.156552
-0.478982 0.048176 -1.234054
0.352654 0.115839 -0.186979
-0.008155 0.006806 0.006203
-0.012996 -0.000816 0.007381
-0.000152 -0.000359 -0.000414
0.000302 -0.000078 -0.000295
-0.000016 0.000021 0.000040
-9.034010 9.898302 -0.988077
0.459595 0.541026 -1.746906
0.032152 0.102032 -0.046662
-0.078814 -0.015258 0.023522
-0.000387 -0.003089 -0.003288
0.002165 0.000526 -0.000504
0.000077 0.000223 0.000281
-0.000039 -0.000042 -0.000030
-8.520182 11.041160 -4.049568
-0.045083 0.729296 -1.767523
-0.273837 0.010953 0.018213
-0.021354 -0.011166 0.005431
0.014670 0.003794 -0.000452
0.000512 0.000191 0.000543
-0.000396 -0.000287 -0.000078
0.000030 0.000031 0.000004
-9.929654 12.721361 -7.927899
-0.980194 0.735245 -1.570947
-0.021492 -0.000775 0.079560
0.073102 -0.005462 0.014786
0.001746 -0.003545 0.001267
-0.001681 -0.000330 -0.000099
0.000077 0.000211 -0.000015
0.000003 -0.000016 -0.000001
-11.228201 14.556878 -11.530694
0.593594 0.254896 -0.567563
0.383996 -0.158844 0.235647
-0.011101 -0.006942 0.009219
-0.009767 0.005018 -0.003312
0.000425 0.000328 -0.000542
0.000148 -0.000141 -0.000032
-0.000014 0.000010 0.000013
-6.966336 14.122092 -11.277271
1.860902 -0.367409 0.535920
-0.014725 0.013369 0.027048
-0.050109 0.034453 -0.059215
0.003350 0.000246 -0.003688
0.000490 -0.000366 0.001295
-0.000140 0.000063 0.000239
0.000014 -0.000008 -0.000037
-2.668188 13.957379 -10.838157
0.914131 0.498456 -0.545447
-0.250030 0.265279 -0.267839
-0.004302 0.017102 0.029785
0.004680 -0.004128 0.013756
0.000506 -0.000725 -0.000991
0.000142 -0.000105 -0.000505
-0.000046 0.000043 0.000067
-1.787145 15.909862 -12.502279
0.084314 1.530694 -0.980521
-0.134081 0.225082 0.068364
0.048294 -0.035430 0.059705
0.006226 -0.006446 -0.006988
-0.001336 0.001316 -0.001683
-0.000465 0.000462 0.000383
0.000085 -0.000103 -0.000024
-1.782146 18.560045 -13.658443
0.042439 1.925349 -0.496779
0.099558 0.042434 0.211167
0.039470 -0.031675 0.001833
-0.009432 0.006883 -0.009506
-0.001538 0.000656 0.000638
0.000420 -0.000609 0.000135
-0.000026 0.000065 -0.000015
-0.953524 23.100873 -13.862070
0.590942 1.871461 0.170855
0.018359 -0.048768 0.030621
-0.052470 -0.019524 -0.033039
-0.004258 -0.006295 0.002455
0.001423 -0.000357 0.000815
-0.000001 0.000466 -0.000110
-0.000008 -0.000041 0.000003
-0.554420 27.500288 -13.656579
-0.745437 0.606156 -0.095959
-0.341014 -0.299060 -0.023768
0.006343 0.015441 0.020257
0.009105 0.012480 0.002176
-0.000287 -0.000115 -0.000643
-0.000180 -0.000441 -0.000044
0.000015 0.000039 0.000010
-5.399983 27.808124 -13.562118
-1.938501 0.133551 0.294665
0.004330 0.159707 0.093088
0.032668 0.021985 -0.010858
-0.005552 -0.011753 -0.004115
-0.000528 -0.000235 0.000504
0.000154 0.000428 0.000166
-0.000006 -0.000041 -0.000026
-8.991687 28.674514 -12.757656
-1.729218 0.696693 0.466260
0.059815 0.072143 -0.006223
-0.010741 -0.036075 -0.012680
-0.003491 -0.000441 0.003395
0.000798 0.001477 0.000349
0.000074 -0.000134 -0.000192
-0.000019 -0.000000 0.000018
-12.303746 30.091437 -11.901058
-1.660723 0.632301 0.396992
-0.019639 -0.069028 -0.007412
-0.005947 -0.002478 0.007596
0.003500 0.006193 0.000347
0.000075 -0.000154 -0.000471
-0.000195 -0.000140 0.000055
0.000023 0.000012 -0.000001
-15.768011 31.165628 -11.065198
-1.719577 0.493118 0.443688
0.004017 0.029968 0.021348
0.006535 0.025315 -0.000390
-0.001081 -0.000469 -0.001299
-0.000304 -0.000798 0.000122
0.000133 0.000034 0.000042
-0.000011 -0.000001 -0.000008
-19.114619 32.421030 -10.123863
-1.664335 0.838160 0.497208
0.017388 0.115000 0.002963
0.000725 -0.004488 -0.003388
0.000705 -0.006488 0.000348
0.000362 -0.000437 0.000006
-0.000021 0.000027 -0.000062
-0.000006 0.000018 0.000008
-22.282132 34.364770 -9.161745
-1.546198 1.021788 0.473375
0.056666 -0.076445 -0.017027
0.013771 -0.058622 -0.005380
0.001397 -0.004413 -0.000933
-0.000391 0.001355 -0.000041
-0.000108 0.000279 0.000054
0.000015 -0.000043 -0.000004
-25.621008 35.511223 -8.188820
-1.021619 -0.412564 0.239031
0.117540 -0.392678 -0.076763
-0.010781 0.013152 -0.006092
-0.005407 0.015276 0.001301
-0.000003 -0.000185 0.000199
0.000159 -0.000481 -0.000022
-0.000012 0.000043 -0.000001
-28.250612 32.054001 -8.187708
-1.018217 -1.324874 -0.199894
-0.139981 0.133697 -0.039183
-0.024861 0.042917 0.013275
0.004501 -0.011717 0.000623
0.000582 -0.000761 -0.000333
-0.000093 0.000416 -0.000037
0.000006 -0.000033 0.000009
-31.100545 30.040993 -8.656791
-1.725572 -0.625656 -0.203095
-0.146934 0.118622 0.026412
0.025058 -0.034178 0.002937
0.006442 -0.002983 -0.002561
-0.000022 0.001439 -0.000019
-0.000003 -0.000064 0.000087
-0.000015 -0.000007 -0.000010
-34.659424 29.038080 -8.958060
-1.842172 -0.545169 -0.132695
0.125865 -0.058350 -0.001716
0.065950 -0.016814 -0.009713
0.002445 0.005556 -0.000366
-0.001197 0.000182 0.000232
-0.000203 -0.000156 -0.000043
0.000033 0.000011 0.000004
-37.504803 27.193489 -9.474181
-0.055840 -0.844172 -0.328934
0.472003 -0.013374 -0.070489
-0.007040 0.016027 -0.006678
-0.013694 -0.001073 0.000727
0.000186 -0.000710 0.000125
0.000382 0.000040 0.000029
-0.000034 0.000007 -0.000005
-35.052888 25.052356 -10.891264
1.538018 -0.783763 -0.745195
0.066391 -0.013702 -0.063044
-0.056347 -0.018336 0.011569
0.006689 -0.001912 0.002110
0.001270 0.000912 -0.000165
-0.000245 0.000165 -0.000066
0.000007 -0.000040 0.000007
-32.083801 23.327464 -12.484382
1.404080 -1.026539 -0.816231
-0.065236 -0.084737 0.030892
0.011480 0.005859 0.015454
0.006771 0.005954 -0.001460
-0.001076 -0.000390 -0.000373
-0.000154 -0.000387 0.000031
0.000024 0.000060 0.000005
-29.505209 21.156948 -13.848844
1.382065 -1.184570 -0.588631
0.055735 0.007010 0.070087
0.013702 0.011440 -0.002886
-0.006076 -0.004178 -0.002235
-0.001005 -0.000193 0.000326
0.000167 0.000421 0.000091
0.000000 -0.000054 -0.000015
-26.447946 18.796606 -14.809819
1.521399 -1.109264 -0.373850
-0.055599 0.025680 0.036629
-0.049411 0.008062 -0.001209
-0.005724 0.003999 0.002256
0.001087 0.000184 0.000099
0.000173 -0.000360 -0.000128
-0.000024 0.000036 0.000011
-23.824560 16.187862 -15.489669
-0.069515 -0.604977 -0.053595
-0.428116 0.117989 0.077654
-0.000989 -0.015019 -0.000362
0.011547 -0.008045 -0.002668
-0.000029 0.000183 -0.000136
-0.000304 0.000360 0.000101
0.000027 -0.000034 -0.000007
-26.826093 14.743886 -15.184643
-1.710099 -0.695430 0.177033
-0.080060 -0.138653 -0.013262
0.050539 -0.005828 -0.011376
-0.003897 0.010592 0.002023
-0.000672 0.000573 0.000423
0.000227 -0.000313 -0.000034
-0.000021 0.000017 -0.000005
-30.169710 12.962344 -14.934780
-1.577640 -0.992548 0.078068
0.114050 0.055191 -0.012498
0.017431 0.060864 0.012843
-0.002995 0.002673 0.002809
0.000283 -0.001729 -0.000404
-0.000065 -0.000078 -0.000106
0.000005 0.000022 0.000013
-33.330158 11.741795 -14.525378
-0.806330 0.328277 0.335663
0.145773 0.335524 0.091054
-0.009569 -0.021032 -0.001635
-0.002795 -0.013938 -0.005012
-0.000009 0.000268 -0.000147
0.000028 0.000332 0.000139
-0.000000 -0.000026 -0.000009
-35.342278 14.698641 -12.863751
-0.614510 0.199900 0.166669
-0.127617 -0.356033 -0.156589
-0.023225 -0.015746 -0.010570
0.002957 0.013659 0.005317
0.000599 -0.000035 0.000313
0.000025 -0.000358 -0.000099
-0.000010 0.000031 0.000003
-38.627614 12.531239 -13.632364
-1.462712 -1.269997 -0.483726
-0.031480 -0.045251 0.019858
0.051735 0.037435 0.037100
0.005617 -0.006420 -0.000434
-0.000899 -0.000641 -0.000865
-0.000190 0.000292 -0.000031
0.000026 -0.000023 0.000013
-41.503757 9.541286 -14.250699
-0.626883 -1.193251 0.082490
0.357483 0.021483 0.159199
0.031644 -0.006745 -0.009924
-0.009172 0.000073 -0.007252
-0.000567 0.000830 0.000232
0.000236 -0.000086 0.000184
-0.000014 -0.000000 -0.000016
-39.916817 6.021046 -13.246081
1.462471 -1.013746 0.244930
0.197077 0.088430 -0.122797
-0.041491 0.021478 -0.019687
0.001353 0.000186 0.006198
0.000984 -0.000839 0.000436
-0.000069 -0.000094 -0.000162
-0.000012 0.000023 0.000008
-36.239441 4.431821 -13.339715
1.865242 -0.432289 -0.299660
0.031633 0.141877 -0.080033
-0.007098 -0.016546 0.027464
0.003133 -0.007301 0.002550
-0.001026 0.000171 -0.000859
-0.000245 0.000251 -0.000040
0.000050 -0.000026 0.000013
-32.284169 3.884194 -14.048273
1.892820 -0.259258 -0.267288
-0.051310 -0.085932 0.079287
-0.036699 -0.041764 0.012683
-0.007705 0.002561 -0.004978
0.000448 0.000939 -0.000207
0.000482 -0.000128 0.000145
-0.000054 0.000006 -0.000010
-28.655224 2.267288 -14.212008
0.779825 -1.171797 0.081506
-0.372467 -0.219989 0.022858
-0.011606 0.010075 -0.018206
0.013371 0.005800 0.000527
0.000717 -0.000142 0.000697
-0.000445 -0.000019 -0.000022
0.000034 -0.000003 -0.000006
-28.725499 -1.723401 -14.069966
-0.529362 -1.763110 0.000500
-0.031327 0.036803 -0.008120
0.073882 0.048582 0.016463
-0.001146 0.000227 0.004017
-0.001505 -0.000896 -0.000401
0.000152 -0.000081 -0.000123
-0.000006 0.000018 0.000013
-29.006275 -5.550528 -13.564218
0.696253 -0.626926 0.535322
0.323040 0.240489 0.167275
-0.006907 -0.021000 0.001526
-0.008522 -0.007744 -0.005954
0.000165 0.000874 -0.000153
0.000038 0.000282 0.000151
0.000003 -0.000037 -0.000010
-25.546167 -6.115517 -11.302263
1.709320 -0.026653 1.068637
-0.006746 0.018098 -0.007936
-0.065723 -0.003352 -0.034252
-0.000711 0.009615 0.000906
0.001205 0.000141 0.000746
0.000097 -0.000377 -0.000034
-0.000020 0.000032 -0.000004
-22.121464 -5.701798 -9.010674
0.528545 0.556297 0.505911
-0.315816 0.236688 -0.137924
0.015510 0.022714 0.009225
0.012387 -0.007363 0.004560
-0.000289 -0.001002 -0.000402
-0.000282 0.000236 -0.000107
0.000021 -0.000009 0.000012
-22.138147 -2.747589 -8.337938
-0.162901 1.639741 0.153450
0.105529 0.088362 0.002483
0.061429 -0.052363 0.011875
-0.006328 -0.002368 -0.004082
-0.001701 0.001390 -0.000423
0.000096 0.000078 0.000105
0.000016 -0.000025 -0.000003
-21.687098 0.496713 -7.996157
0.690412 1.398618 0.159018
0.218630 -0.170475 -0.036094
-0.033530 -0.016782 -0.022857
-0.012938 0.009159 -0.002847
0.000853 0.000178 0.000581
0.000326 -0.000279 0.000061
-0.000032 0.000022 -0.000008
-19.183720 3.429458 -8.621229
0.270678 0.692079 -0.753097
-0.327047 0.005255 -0.201840
-0.018735 0.019580 0.009330
0.014139 -0.004962 0.006680
0.000409 -0.000436 0.000083
-0.000373 0.000214 -0.000114
0.000029 -0.000016 0.000005
-20.233899 5.226107 -11.254526
-0.913052 0.789790 -1.225804
-0.054214 -0.005743 0.058765
0.070789 -0.012511 0.052116
0.000715 0.000595 0.000083
-0.001486 0.000722 -0.000991
0.000110 -0.000053 -0.000035
-0.000003 -0.000004 0.000013
-21.836946 7.176812 -13.247817
0.087052 0.667734 -0.024852
0.337619 0.006855 0.300163
0.008870 0.018458 -0.009123
-0.009109 0.001903 -0.008381
-0.000105 -0.000726 0.000377
0.000061 -0.000126 0.000204
0.000002 0.000020 -0.000020
-19.094214 9.609079 -11.405269
1.426784 1.031102 0.971448
-0.005809 0.032406 0.017584
-0.070848 -0.034937 -0.023317
-0.000847 -0.007699 0.005949
0.001359 0.000610 0.000369
0.000105 0.000278 -0.000205
-0.000025 -0.000029 0.000015
-16.523455 11.688469 -8.859343
0.199430 0.194148 0.982514
-0.342084 -0.329122 0.040805
0.011925 -0.019830 0.015164
0.012136 0.010985 -0.001012
-0.000610 0.000807 -0.000687
-0.000353 -0.000253 0.000072
0.000038 0.000011 -0.000000
-17.882494 9.896218 -5.569405
-0.794446 -1.126859 1.342649
0.007807 0.010128 0.033661
0.025302 0.079025 -0.019300
-0.008995 0.000755 -0.002335
-0.000281 -0.001642 0.000484
0.000392 -0.000036 0.000066
-0.000038 0.000016 -0.000008
-19.741436 8.249564 -2.320380
-0.734112 0.150098 1.119611
-0.032137 0.386769 -0.101033
-0.011241 -0.005769 -0.002503
0.003611 -0.014203 0.005509
0.000617 -0.000014 0.000405
-0.000273 0.000252 -0.000077
0.000029 -0.000002 -0.000017
-21.234673 9.658880 -0.540946
-0.868321 1.193898 0.868598
-0.016183 0.105517 0.002750
0.013784 -0.080121 0.035472
0.001648 -0.001750 0.001559
-0.000357 0.002665 -0.001664
0.000097 0.000231 -0.000296
-0.000029 -0.000081 0.000084
-22.632496 11.567751 1.035476
-0.791101 0.964514 1.121520
0.065772 -0.194587 0.117985
0.016209 -0.020205 -0.003753
-0.001848 0.016841 -0.010985
-0.001044 0.000338 0.000192
-0.000237 -0.000704 0.000673
0.000072 0.000062 -0.000089
-23.727495 12.665959 3.154336
-0.517842 0.426394 1.325712
0.059040 -0.062817 -0.021954
-0.027895 0.052983 -0.033290
-0.008732 0.000223 0.004276
0.000812 -0.003094 0.001704
0.000607 0.000021 -0.000372
-0.000087 0.000062 0.000019
-24.708766 13.501238 5.366814
-0.697009 0.578787 1.071303
-0.155029 0.073600 -0.069017
-0.024866 -0.021716 0.016851
0.010359 -0.013740 0.005308
0.001336 0.001483 -0.001033
-0.000511 0.000816 -0.000128
0.000041 -0.000130 0.000024
-26.437226 14.538208 7.156979
-1.226286 0.464357 1.042754
-0.080442 -0.143995 0.052202
0.047487 -0.027503 0.016436
0.006271 0.012324 -0.005117
-0.001380 0.001642 -0.000822
-0.000005 -0.000786 0.000168
0.000007 0.000069 -0.000003
-28.520436 14.886110 9.150338
-1.008562 -0.012447 1.243319
0.209057 -0.063418 0.024517
0.051214 0.047074 -0.027160
-0.004640 0.003656 -0.005231
-0.000996 -0.002205 0.000729
0.000079 0.000045 0.000130
0.000003 0.000015 -0.000018
-29.181831 15.148993 11.888460
0.575999 0.407526 0.710539
0.315230 0.137658 -0.221877
-0.028680 -0.020865 -0.016635
-0.007770 -0.011627 0.006560
0.000650 0.000425 0.000367
0.000139 0.000303 -0.000178
-0.000014 -0.000025 0.000011
-24.782888 16.026363 11.686840
1.061777 -0.704725 -0.490046
-0.117747 -0.349170 -0.010986
0.003402 0.013538 0.020163
0.008626 0.012904 -0.003922
-0.000371 -0.000558 -0.000291
-0.000227 -0.000387 0.000122
0.000020 0.000041 -0.000007
-22.523803 12.620038 10.538297
0.910820 -1.654746 -0.410012
0.084411 0.011330 0.002875
0.022656 0.042334 -0.009386
-0.006296 -0.007848 -0.000123
-0.001068 -0.000856 0.000557
0.000135 0.000348 -0.000010
0.000005 -0.000027 -0.000006
-19.953699 9.181772 9.534133
1.261066 -1.328295 -0.483914
-0.022545 0.060784 -0.011514
-0.053567 -0.016768 0.009983
-0.005862 -0.001664 0.002768
0.001325 0.000955 -0.000285
0.000214 -0.000084 -0.000113
-0.000030 0.000001 0.000012
-17.841253 5.646991 8.400709
-0.083563 -1.316889 -0.240215
-0.370734 -0.023656 0.080269
0.011258 0.003926 -0.004018
0.014635 0.002498 -0.005151
0.000032 -0.000313 -0.000218
-0.000371 -0.000070 0.000121
0.000026 0.000012 -0.000002
-19.160889 3.010091 8.130455
-1.018817 -1.318779 -0.124516
-0.027237 0.025662 -0.054563
0.084869 0.007135 -0.035670
0.000276 -0.001422 -0.000782
-0.002232 -0.000153 0.001046
-0.000012 0.000096 0.000092
0.000028 -0.000012 -0.000027
-20.680225 0.560799 7.431883
-0.297113 -1.178580 -0.688807
0.324607 0.037107 -0.199199
0.014423 -0.001799 -0.001518
-0.014793 -0.000649 0.007805
-0.000091 -0.000023 -0.000001
0.000376 -0.000074 -0.000271
-0.000030 0.000011 0.000026
-19.541032 -2.408308 4.466687
0.826364 -1.105951 -1.345625
-0.007810 -0.033875 -0.010128
-0.059640 -0.018564 0.024834
0.004440 -0.001382 -0.003882
0.001488 0.000475 -0.000455
-0.000179 0.000136 0.000214
-0.000002 -0.000018 -0.000014
-18.211859 -5.371505 1.493467
0.192550 -1.526512 -1.181451
-0.174371 -0.115118 0.053271
0.014941 0.009509 0.003204
0.006506 0.007135 0.001830
-0.001196 0.000312 0.000906
-0.000207 -0.000160 -0.000018
0.000047 -0.000003 -0.000023
-18.285266 -8.229887 -0.338428
-0.205036 -1.694002 -0.898171
-0.054899 0.054848 0.138840
0.017589 0.050651 0.033651
-0.004605 0.002168 0.004660
-0.000407 -0.001529 -0.000732
0.000360 -0.000196 -0.000299
-0.000039 0.000044 0.000042
-18.936050 -11.245032 -1.217759
-0.358577 -0.794903 0.302201
-0.030836 0.265029 0.360022
0.002940 -0.013729 0.007167
0.002717 -0.012546 -0.009695
0.000305 0.000498 -0.000304
-0.000255 0.000495 0.000362
0.000022 -0.000055 -0.000033
-19.942541 -12.178595 1.823445
-0.328604 -0.235331 1.767966
0.036229 -0.064121 0.128073
-0.003295 -0.021839 -0.039777
-0.005566 0.010605 0.002682
-0.000453 0.000311 0.000530
0.000160 -0.000518 -0.000257
0.000001 0.000056 0.000029
-20.518455 -12.860551 5.328772
-0.376048 -0.461737 1.906591
-0.097124 -0.012743 -0.036475
-0.039205 0.024734 -0.022387
-0.001198 -0.000694 0.000839
0.001424 -0.001387 -0.000221
0.000177 0.000213 0.000122
-0.000047 -0.000002 -0.000006
-21.708235 -13.610987 8.500768
-1.045211 -0.334052 1.581482
-0.239997 0.059123 -0.136616
0.001072 -0.001014 -0.011595
0.010570 -0.003325 0.003543
0.000153 0.000749 0.000693
-0.000414 0.000185 0.000048
0.000040 -0.000036 -0.000029
-24.993723 -14.101206 11.345192
-1.713911 -0.109366 1.032838
-0.006830 0.063906 -0.047131
0.046212 0.016971 0.040067
-0.002887 0.005058 0.003584
-0.001154 -0.000485 -0.001698
0.000219 -0.000370 -0.000405
-0.000016 0.000052 0.000077
-28.528938 -13.738587 13.907010
-1.248213 0.540940 1.311447
0.150153 0.198140 0.071831
-0.003770 -0.000625 -0.039172
-0.005659 -0.007572 -0.015193
0.000078 0.000208 0.001270
-0.000040 0.000470 0.000837
0.000030 -0.000072 -0.000126
-30.200749 -12.400789 15.962229
-0.884899 1.076024 1.066870
0.050252 0.117105 -0.244660
-0.034349 -0.021756 -0.063939
-0.002153 0.001826 0.009146
0.001342 0.000821 0.002502
0.000302 -0.000343 -0.000581
-0.000071 0.000031 0.000036
-31.823030 -10.185680 16.842640
-1.000445 1.340247 -0.148454
-0.079485 0.041076 -0.343386
0.002754 -0.010807 0.028440
0.010091 -0.001227 0.010759
-0.000234 -0.000806 -0.001328
-0.000593 0.000042 -0.000128
0.000075 0.000012 0.000024
-34.026580 -7.429493 15.495102
-1.057355 1.278266 -0.958258
0.070204 -0.103320 -0.030059
0.020170 -0.039935 0.054201
-0.007094 -0.003342 -0.003472
-0.000997 0.000733 -0.000771
0.000468 0.000211 0.000219
-0.000039 -0.000027 -0.000020
-36.340904 -5.534926 13.528648
-0.762350 -0.103360 -0.284874
-0.015965 -0.342585 0.219835
-0.017231 0.009457 0.010037
0.003869 0.010979 -0.003593
0.000674 0.000036 -0.000253
-0.000261 -0.000297 -0.000155
0.000022 0.000026 0.000027
-38.401970 -7.355117 14.125429
-0.907116 -1.078138 0.674540
-0.004960 0.014031 0.093687
0.011791 0.064084 -0.051772
-0.000189 -0.002158 -0.006723
-0.000428 -0.001110 0.000879
0.000111 0.000141 0.000309
-0.000010 -0.000006 -0.000038
-40.696308 -9.127830 15.459449
-0.735189 0.041595 -0.085814
0.057268 0.314748 -0.314114
0.004227 0.004190 -0.008637
-0.000477 -0.005843 0.012954
-0.000103 0.000256 0.000103
-0.000070 0.000027 -0.000405
0.000011 -0.000004 0.000034
-42.258055 -6.833626 13.291179
-0.427188 1.467581 -1.181111
0.024416 0.146647 -0.010813
-0.016422 -0.038012 0.041586
-0.001996 -0.002375 -0.006700
0.000456 0.000019 -0.001153
0.000138 -0.000056 0.000253
-0.000024 0.000019 -0.000008
-43.131739 -3.728690 11.137399
-0.531511 1.534122 -0.991287
-0.067521 -0.129862 0.043906
-0.006172 -0.054695 -0.021270
0.004160 -0.000542 -0.005667
0.000172 0.000854 0.001145
-0.000187 0.000199 0.000140
0.000018 -0.000031 -0.000025
-44.673874 -1.495685 8.768656
-0.766511 0.213310 -1.212212
-0.011123 -0.378677 -0.118273
0.013749 0.003415 -0.003473
-0.000849 0.011987 0.007974
-0.000371 0.000207 0.000319
0.000108 -0.000293 -0.000260
-0.000009 0.000022 0.000021
-46.350812 -2.636049 5.552021
-0.662020 -0.950551 -1.460251
0.044575 -0.046664 0.065888
0.003775 0.075008 0.043636
-0.000403 0.000677 -0.000149
0.000121 -0.001385 -0.000996
-0.000036 0.000060 0.000068
0.000004 0.000002 0.000001
-47.889400 -4.069214 2.722514
-0.308262 0.482836 -0.142375
0.063593 0.370688 0.268495
0.000240 -0.008638 -0.009185
-0.000067 -0.010331 -0.004362
0.000159 0.000085 0.000545
0.000040 0.000098 0.000097
-0.000010 0.000004 -0.000016
-48.245769 -1.186667 3.723093
0.031797 1.608258 0.866856
0.088098 0.015460 0.148846
0.007908 -0.071131 -0.010670
0.000283 0.001245 0.003058
-0.000522 0.002000 0.000049
-0.000134 0.000167 -0.000166
0.000033 -0.000064 0.000016
-47.862717 1.406278 5.744393
0.399549 1.105933 1.360390
0.097685 -0.227127 0.133752
-0.010498 -0.001055 -0.000595
-0.004100 0.014171 -0.001341
0.000320 -0.000620 -0.000658
0.000289 -0.000650 0.000035
-0.000037 0.000079 0.000007
-46.539020 3.085717 9.744018
0.602289 0.471546 1.835601
0.007020 -0.021608 0.017272
0.006289 0.009410 -0.034432
0.006755 -0.011453 -0.002927
-0.000073 -0.000340 0.000667
-0.000343 0.000688 0.000146
0.000037 -0.000072 -0.000021
-44.749229 3.917600 13.808806
1.007240 0.056750 1.294228
0.168491 -0.176092 -0.203816
0.013691 -0.011490 -0.007209
-0.006067 0.009385 0.007361
-0.000478 0.000739 0.000114
0.000288 -0.000541 -0.000222
-0.000027 0.000050 0.000016
-41.007748 3.059490 15.966714
1.773945 -0.541313 0.508829
0.075878 -0.001392 -0.051877
-0.023034 0.025396 0.025388
0.000548 -0.005268 -0.003540
0.000227 -0.000625 -0.001007
-0.000198 0.000366 0.000078
0.000028 -0.000037 0.000010
-37.210380 2.061351 16.926630
1.803050 -0.401749 0.425886
-0.064589 0.037002 -0.044875
-0.025579 -0.003650 -0.026726
-0.000988 0.000391 -0.005837
0.000329 0.000619 0.000863
0.000214 -0.000166 0.000223
-0.000027 0.000012 -0.000029
-33.373329 1.253258 17.143885
1.049674 -0.207004 -0.464182
-0.166916 0.049385 -0.257194
0.018454 0.003120 0.003265
0.008413 -0.001020 0.010333
-0.000157 -0.000274 0.000272
-0.000277 0.000051 -0.000299
0.000022 -0.000001 0.000020
-29.980047 1.060936 13.686171
1.348718 0.020225 -0.797183
0.200433 -0.007546 0.216554
-0.007969 -0.004748 0.027894
-0.011565 0.002496 -0.009530
0.000008 0.000576 -0.000591
0.000292 0.000027 0.000220
-0.000020 -0.000020 -0.000008
-26.816323 1.087722 13.018002
1.739880 0.048194 0.071178
-0.056085 0.057633 0.162409
-0.064646 0.030443 -0.040303
-0.000091 0.004541 -0.004955
0.001830 -0.000679 0.001317
0.000021 -0.000243 0.000108
-0.000025 0.000031 -0.000024
-23.845943 1.863845 13.492659
0.739424 0.817105 0.154826
-0.310231 0.266566 -0.095787
0.007682 0.010222 -0.015888
0.012043 -0.009232 0.008590
-0.000519 -0.000751 0.000308
-0.000374 0.000232 -0.000260
0.000040 -0.000009 0.000020
-23.468594 5.403310 13.342503
-0.168130 1.737324 -0.141024
-0.016039 -0.010132 0.046376
0.032556 -0.069592 0.034610
-0.007763 -0.001755 -0.001399
-0.000819 0.001515 -0.001012
0.000334 0.000067 0.000086
-0.000024 -0.000018 -0.000000
-23.848349 8.837831 13.881129
-0.168736 0.326769 0.598430
-0.070116 -0.347132 0.123043
-0.023411 0.021579 -0.024807
0.001756 0.012969 -0.005713
0.000785 -0.000499 0.000382
-0.000146 -0.000302 0.000077
0.000008 0.000027 -0.000005
-25.883194 7.953222 15.876142
-1.000841 -0.050376 0.018941
-0.095143 0.236454 -0.272260
0.011486 0.021857 -0.014779
-0.000129 -0.011114 0.008378
-0.000336 0.000117 0.000806
0.000041 0.000360 -0.000037
-0.000000 -0.000041 -0.000022
-28.766967 9.239588 14.421274
-1.307195 0.998439 -0.996235
-0.042970 0.132165 -0.020585
0.001876 -0.026004 0.077248
-0.000635 0.001554 0.003627
0.000248 0.000213 -0.002498
0.000039 -0.000347 -0.000411
-0.000013 0.000053 0.000093
-31.312117 11.378796 12.978093
-1.446789 1.242189 -0.365219
-0.029260 -0.002838 0.294192
0.005087 -0.029201 0.004980
0.000703 -0.002464 -0.020081
-0.000274 0.000185 -0.000447
-0.000133 0.000342 0.000782
0.000034 -0.000052 -0.000064
-33.467369 13.085986 12.999341
-1.500155 1.031348 0.291957
-0.010921 -0.140288 0.090153
0.000417 -0.026696 -0.083288
-0.001897 0.004122 -0.005356
0.000061 0.000843 0.003531
0.000210 -0.000192 0.000127
-0.000034 0.000015 -0.000080
-35.856594 14.286684 13.358793
-1.550460 0.473432 -0.017563
-0.022403 -0.186916 -0.249028
-0.001056 0.008305 -0.036943
0.001684 0.005667 0.016296
0.000257 -0.000194 0.000612
-0.000168 -0.000029 -0.000747
0.000021 -0.000003 0.000073
-39.892288 14.624859 11.692537
-1.587114 -0.008407 -1.139263
0.019505 0.039016 -0.103890
0.008751 0.039207 0.029390
0.000971 -0.001457 -0.006446
0.000600 -0.001076 -0.000899
0.000213 -0.000087 0.000549
-0.000064 0.000042 -0.000057
-42.470080 14.887629 9.545998
-1.393738 0.389913 -1.364615
0.117938 0.162553 -0.058153
0.034902 0.002078 -0.003146
0.004307 -0.007084 -0.000100
-0.001109 0.000610 0.001242
-0.000549 0.000418 -0.000129
0.000099 -0.000073 -0.000010
-44.338120 16.015659 7.005045
-0.663744 0.877362 -1.554563
0.277427 0.110039 -0.032422
0.005486 -0.008248 0.016862
-0.012055 0.003735 0.003020
-0.000597 0.000354 -0.000734
0.000647 -0.000467 -0.000251
-0.000067 0.000052 0.000051
-44.704241 18.090020 4.033162
0.158458 1.283697 -1.478406
0.095385 0.103366 0.056172
-0.049228 -0.007993 0.001598
0.001472 -0.005853 -0.005314
0.001690 -0.001010 0.000315
-0.000250 0.000230 0.000434
0.000009 -0.000005 -0.000065
-44.346801 20.752077 1.395298
0.104437 1.396754 -1.329936
-0.081805 -0.095175 0.022899
-0.007516 -0.059497 0.002499
0.006053 -0.004159 0.005630
-0.000506 0.001245 0.000365
-0.000135 0.000166 -0.000425
0.000019 -0.000026 0.000041
-44.547844 22.704071 -1.566487
-0.212238 -0.154399 -0.924700
-0.030202 -0.458176 0.145808
0.005413 -0.006725 0.005639
-0.002447 0.012916 -0.006952
-0.000017 0.000373 -0.000573
0.000201 -0.000282 0.000300
-0.000022 0.000017 -0.000021
-45.378744 19.100930 -3.348975
-0.340748 -1.866290 -0.536490
0.006641 -0.001714 -0.068729
0.018692 0.078828 -0.029665
0.003773 -0.002764 0.004407
-0.000419 -0.001545 0.000900
-0.000247 0.000061 -0.000130
0.000030 0.000009 0.000003
-45.826096 15.370923 -5.414866
0.119596 -0.785182 -1.061922
0.138314 0.296298 -0.048887
-0.007949 -0.016442 0.035517
-0.008292 -0.011184 0.004988
-0.000097 0.000645 -0.000668
0.000289 0.000224 -0.000074
-0.000024 -0.000022 0.000008
-44.977470 14.611545 -7.867710
0.115083 -0.173530 -0.218681
-0.172986 -0.116881 0.309717
-0.028016 -0.034978 0.019921
0.006870 0.007922 -0.007084
0.000701 0.000592 -0.000450
-0.000199 -0.000230 0.000099
0.000011 0.000015 -0.000003
-46.739535 12.303914 -5.203084
-0.911067 -1.007971 1.403167
0.001726 -0.007577 0.007178
0.040072 0.029386 -0.064617
-0.001091 -0.001632 -0.001443
-0.000734 -0.000475 0.000860
0.000060 0.000127 0.000028
-0.000000 -0.000010 -0.000006
-48.594215 9.841410 -2.572874
-0.157020 -0.504638 -0.074551
0.177995 0.141140 -0.418169
-0.006688 0.006295 -0.008593
-0.004219 -0.001411 0.009181
0.000299 -0.000135 0.000178
0.000056 -0.000089 -0.000104
-0.000006 0.000011 0.000003
-47.757187 9.648944 -6.616011
0.449191 0.243323 -1.908857
-0.003729 -0.000462 -0.004621
-0.013657 -0.043847 0.068963
0.002629 -0.004044 -0.001230
0.000105 0.000661 -0.001231
-0.000075 0.000169 -0.000039
0.000006 -0.000020 0.000017
-46.688133 9.314152 -10.737631
0.314472 -0.809854 -0.800892
-0.019566 -0.327722 0.275131
0.004048 -0.006428 -0.019985
-0.000066 0.010067 -0.010001
-0.000172 0.000337 0.000879
0.000042 -0.000208 0.000293
-0.000003 0.000012 -0.000034
-45.882185 4.869894 -11.634240
0.273277 -1.983711 -0.151493
0.000061 0.021443 -0.023392
0.000949 0.066107 -0.006252
-0.000133 -0.000992 0.010685
-0.000024 -0.001251 0.000140
-0.000024 0.000021 -0.000380
0.000003 0.000007 0.000031
-45.003773 0.409084 -11.678317
0.241811 -0.481084 0.467029
-0.027312 0.264046 0.237876
-0.009440 -0.036338 0.006274
-0.001136 -0.009418 -0.010447
0.000099 0.000736 -0.000485
0.000037 0.000183 0.000316
-0.000003 -0.000017 -0.000020
-45.039761 -0.544165 -8.051554
-0.386890 -0.784012 0.866691
-0.116115 -0.275032 -0.201337
0.004645 -0.001908 -0.026780
0.002870 0.011435 0.009764
0.000043 -0.000119 0.000742
-0.000042 -0.000260 -0.000205
0.000001 0.000022 0.000006
-46.532903 -3.822044 -7.154309
-0.715498 -1.619281 0.004787
0.009055 0.008545 -0.033274
0.024664 0.053739 0.060937
0.000234 -0.002385 0.003300
-0.000416 -0.001190 -0.001531
-0.000020 0.000115 -0.000101
0.000005 0.000001 0.000026
-47.905449 -7.134073 -6.451024
-0.285025 -0.892969 0.856820
0.136135 0.205558 0.301779
0.002018 -0.006988 0.003140
-0.004095 -0.006210 -0.011254
-0.000068 0.000597 0.000280
0.000067 0.000126 0.000345
-0.000002 -0.000017 -0.000036
-47.810588 -8.432682 -1.994285
0.205030 -0.190838 1.960430
-0.006771 0.036677 0.042511
-0.024461 -0.010590 -0.025107
0.001281 0.003607 0.005640
0.000679 -0.000228 -0.000013
0.000019 -0.000221 -0.000379
-0.000011 0.000028 0.000045
-47.602952 -8.757036 2.803667
-0.075965 -0.104942 1.916124
-0.052226 -0.011236 -0.060265
0.019836 -0.018192 -0.024514
0.005543 -0.004629 -0.005303
-0.000448 0.000039 0.000093
-0.000174 0.000258 0.000394
0.000017 -0.000024 -0.000042
-47.450718 -10.030839 7.237892
0.452897 -0.958327 0.639240
0.181946 -0.220058 -0.267535
-0.003312 0.006891 0.020915
-0.008300 0.008471 0.009359
-0.000098 -0.000015 -0.001111
0.000211 -0.000263 -0.000521
-0.000014 0.000022 0.000078
-45.766094 -12.994926 7.692716
0.893138 -1.531046 -0.068813
-0.035507 0.004616 -0.074826
-0.047297 0.042716 0.001145
0.000991 -0.002620 -0.011714
0.001293 -0.001203 0.000016
-0.000003 0.000086 0.000690
-0.000018 0.000011 -0.000076
-44.380478 -16.053457 6.939284
0.207938 -1.095345 -0.750620
-0.200379 0.122257 -0.247821
0.010221 -0.012620 -0.014346
0.008095 -0.005349 0.010592
-0.000673 0.001101 0.001252
-0.000288 0.000256 -0.000507
0.000037 -0.000043 0.000037
-44.691339 -18.151567 4.008962
-0.325476 -0.783891 -1.586369
-0.024388 0.048894 -0.017916
0.014994 0.016787 0.061757
-0.006649 0.009067 0.000146
-0.000458 -0.000253 -0.001674
0.000319 -0.000450 0.000087
-0.000026 0.000047 0.000006
-45.662292 -19.296040 0.768020
-0.527538 0.104710 -0.777608
-0.098945 0.306850 0.252783
-0.016103 0.014968 -0.005610
0.003254 -0.010784 -0.009273
0.000909 -0.000904 0.000433
-0.000137 0.000363 0.000195
0.000004 -0.000023 -0.000020
-47.829858 -17.117450 0.026553
-1.022176 1.249331 -0.034531
-0.009194 0.006029 -0.012737
0.038676 -0.067690 -0.034661
0.003577 0.000462 0.004238
-0.000653 0.001447 0.000624
-0.000059 -0.000068 -0.000171
0.000007 -0.000004 0.000010
-49.826195 -14.819306 -0.628516
-0.091696 0.095849 -0.497479
0.310885 -0.300462 -0.087549
0.016676 0.012376 0.009123
-0.007170 0.009725 0.000906
-0.000506 -0.000330 -0.000531
0.000077 -0.000143 0.000033
0.000002 0.000010 0.000001
-47.620604 -16.219185 -2.615014
1.359224 -0.634443 -0.829706
0.060887 0.110913 -0.051989
-0.065738 0.052812 -0.006087
-0.002708 -0.004399 -0.001636
0.001264 -0.001001 0.000247
0.000126 0.000067 0.000056
-0.000022 0.000005 -0.000006
-44.760063 -16.460136 -5.324418
0.454216 0.554735 -1.265470
-0.307356 0.221774 -0.099428
0.003381 -0.030976 0.003722
0.013060 -0.007529 0.003375
0.000041 0.000763 0.000196
-0.000280 0.000155 -0.000062
0.000015 -0.000016 0.000001
-44.879617 -14.749418 -8.249725
-0.362694 0.906266 -1.505238
-0.015158 -0.064417 0.010526
0.073424 -0.043603 0.029850
0.000401 0.005316 0.001889
-0.002050 0.001265 -0.000442
-0.000059 -0.000074 -0.000041
0.000033 -0.000015 0.000003
-45.032570 -13.331210 -11.245337
0.460595 0.315081 -0.977568
0.275194 -0.097392 0.208343
-0.012133 0.038614 0.017625
-0.014077 0.007799 -0.004974
0.000677 -0.001369 -0.000650
0.000459 -0.000313 0.000011
-0.000049 0.000045 0.000014
-42.627102 -12.343328 -12.359058
1.028231 0.710144 0.004994
-0.081171 0.178069 0.067871
-0.029050 -0.011086 -0.052810
0.011143 -0.013685 -0.003800
0.000811 0.000278 0.001485
-0.000442 0.000522 0.000261
0.000035 -0.000057 -0.000052
-41.017479 -10.578408 -12.472204
0.709512 0.967924 -0.295346
-0.017944 -0.090358 -0.189868
0.040189 -0.059537 -0.016139
0.003274 0.003497 0.011859
-0.001585 0.001891 0.000483
0.000022 -0.000239 -0.000437
0.000007 0.000005 0.000035
-38.415268 -9.437520 -14.445435
1.382856 -0.257738 -0.886852
0.175311 -0.219311 0.056940
-0.019970 0.031939 0.039842
-0.010780 0.005866 -0.005362
-0.000080 -0.001295 -0.001131
0.000161 -0.000148 0.000241
0.000004 0.000036 -0.000009
-35.727727 -10.330438 -15.652755
1.603206 -0.672278 -0.478824
-0.098143 -0.025246 0.138791
-0.078617 0.030194 -0.008547
-0.003636 -0.005394 -0.006069
0.001842 -0.000605 0.000779
0.000214 0.000282 0.000132
-0.000043 -0.000024 -0.000021
-33.482178 -11.808421 -16.233255
0.006157 -0.571529 -0.132775
-0.501087 0.023965 0.008583
-0.004092 -0.006289 -0.011227
0.016023 -0.000128 0.004489
-0.000076 0.000615 0.000260
-0.000490 -0.000107 -0.000206
0.000045 0.000004 0.000016
-37.337546 -13.476814 -16.545611
-1.912697 -0.489551 0.004116
-0.043418 0.020366 0.053352
0.037861 0.001718 -0.001117
-0.009340 -0.001466 -0.004144
-0.000072 -0.000480 -0.000222
0.000490 -0.000010 0.000155
-0.000056 0.000014 -0.000009
-41.649979 -14.524334 -16.379878
-1.848302 -0.491898 0.053666
0.040974 -0.054662 -0.057942
0.011584 -0.025284 -0.022659
0.004674 -0.001858 0.001446
0.000533 0.000921 0.000871
-0.000401 0.000216 0.000006
0.000038 -0.000036 -0.000012
-45.560841 -16.341131 -16.788151
-1.242461 -1.088668 -0.405900
0.223485 -0.126508 -0.067327
0.019898 0.027599 0.029186
-0.005360 0.010200 0.006543
-0.000670 -0.000396 -0.000514
0.000234 -0.000398 -0.000197
-0.000016 0.000038 0.000020
-47.188950 -19.571980 -17.452681
0.090915 -0.444880 0.397793
0.119252 0.275483 0.279620
-0.024093 -0.004072 0.006228
0.001050 -0.013978 -0.008601
0.000304 0.000051 0.000067
-0.000133 0.000445 0.000258
0.000013 -0.000041 -0.000027
-46.576927 -19.502103 -15.041880
0.309030 0.200790 1.471010
-0.020740 -0.076421 0.120040
-0.018391 -0.059297 -0.032165
-0.000595 0.005491 0.001571
-0.000062 0.001556 0.000548
0.000082 -0.000236 -0.000191
0.000005 0.000003 0.000017
-46.202129 -19.632832 -12.250806
0.060443 -0.444215 1.639635
-0.118505 -0.235711 -0.011597
-0.014142 0.002440 -0.019185
0.003500 0.008775 0.000831
0.001097 -0.000745 -0.000345
0.000139 -0.000202 0.000021
-0.000049 0.000028 0.000006
-46.594215 -21.397088 -9.097220
-0.381798 -1.172626 1.355982
-0.023273 -0.095502 -0.128016
0.054128 0.025759 -0.019344
0.008619 -0.003076 0.000513
-0.001550 -0.000736 0.000464
-0.000569 0.000203 0.000110
0.000086 -0.000011 -0.000025
-46.904453 -24.206020 -6.918815
0.357617 -1.379564 0.614942
0.311658 -0.033362 -0.180786
0.006656 -0.002532 0.009999
-0.017685 -0.000628 0.004411
-0.000497 0.000832 -0.000563
0.000731 0.000038 -0.000268
-0.000070 -0.000019 0.000041
-44.950958 -27.353898 -6.281690
1.185849 -1.496632 0.042083
-0.023141 0.010518 -0.096785
-0.075605 0.023996 -0.001494
0.003330 0.004196 -0.006129
0.002058 -0.000580 -0.000047
-0.000338 -0.000256 0.000348
0.000021 0.000035 -0.000035
-43.066563 -30.478346 -6.905190
0.169483 -0.976354 -0.669132
-0.301522 0.179505 -0.210859
0.005089 0.001384 -0.007863
0.008912 -0.007893 0.006386
-0.000295 -0.000055 0.000755
0.000009 0.000329 -0.000236
-0.000008 -0.000033 0.000013
-44.142139 -32.035391 -9.765669
-0.751604 -0.420699 -1.440348
0.016212 0.008876 -0.021272
0.067557 -0.023404 0.047677
0.001543 0.004110 0.000884
-0.001234 0.000492 -0.001046
-0.000133 -0.000256 -0.000003
0.000026 0.000023 0.000008
-44.920177 -33.265118 -12.855187
0.453045 -0.577419 -0.768108
0.363360 -0.039504 0.221443
-0.002279 -0.000968 0.000069
-0.011980 -0.001475 -0.007909
0.000304 -0.000340 0.000046
0.000335 0.000147 0.000146
-0.000034 -0.000009 -0.000007
-41.603416 -35.204267 -13.677635
1.699343 -0.914806 -0.074992
0.047261 -0.088603 -0.019535
-0.040297 -0.000653 -0.038082
0.005602 0.003771 0.003654
0.000607 0.000657 0.001306
-0.000297 -0.000024 0.000010
0.000029 -0.000016 -0.000026
-38.122306 -37.401456 -14.143946
1.578576 -1.109402 -0.408730
-0.064154 0.044392 -0.063404
-0.002177 0.044517 0.033585
0.001650 0.004130 0.009765
-0.000505 -0.001060 -0.000909
0.000119 -0.000252 -0.000365
-0.000009 0.000039 0.000043
-34.657654 -39.174755 -14.819363
1.281670 -0.122086 0.158227
-0.048193 0.301487 0.282732
0.006950 -0.002298 0.022398
0.001435 -0.011283 -0.012011
0.000092 0.000156 -0.000883
-0.000037 0.000418 0.000369
-0.000001 -0.000041 -0.000023
-31.344380 -37.814052 -12.542217
1.274750 0.857712 1.250842
0.055205 0.030636 -0.008141
0.012111 -0.024356 -0.068628
-0.002286 0.008374 0.000753
-0.000713 0.000683 0.001624
-0.000063 -0.000353 -0.000059
0.000028 0.000024 -0.000009
-28.123526 -35.768417 -10.439451
1.515505 0.998774 0.371946
-0.005656 0.093759 -0.297344
-0.033642 0.026714 -0.000279
-0.003544 -0.001296 0.010881
0.001522 -0.001511 -0.000172
0.000391 0.000031 -0.000204
-0.000087 0.000017 0.000013
-25.577021 -33.508605 -10.643765
1.180993 1.501794 -0.483431
-0.140072 0.134651 -0.119892
0.005051 -0.022633 0.053577
0.011348 -0.009806 0.001798
-0.000300 0.000059 -0.001516
-0.000723 0.000255 -0.000041
0.000096 -0.000016 0.000023
-23.761510 -30.562212 -11.608714
0.916363 1.559951 -0.425931
0.016339 -0.145203 0.120112
0.027410 -0.067438 0.020448
-0.007047 0.000051 -0.009103
-0.001511 0.001736 -0.000336
0.000501 0.000052 0.000257
-0.000037 -0.000023 -0.000020
-21.207682 -28.459785 -11.939109
1.000750 -0.139936 0.038171
-0.064879 -0.389491 -0.017369
-0.030641 0.029714 -0.038715
0.001359 0.013990 0.000063
0.001153 -0.000598 0.000856
-0.000154 -0.000357 -0.000101
0.000005 0.000032 0.000005
-19.236589 -31.203922 -13.585382
0.075411 -0.451529 -1.194614
-0.066131 0.244946 -0.225157
0.026121 0.002305 0.007305
0.000532 -0.014222 0.003411
-0.000742 0.000539 -0.000048
-0.000018 0.000460 0.000019
0.000008 -0.000047 -0.000004
-19.041978 -31.091993 -18.607442
0.154537 0.198642 -1.994332
0.021468 -0.035869 0.005650
-0.019174 -0.007025 0.041831
-0.005328 0.011729 0.001384
0.000446 0.000169 -0.000489
0.000153 -0.000501 -0.000069
-0.000016 0.000046 0.000008
-19.171276 -30.255699 -23.488426
-0.507380 0.648932 -0.914179
-0.216078 0.205298 0.283085
-0.005148 0.006282 -0.000664
0.006757 -0.010178 -0.007471
0.000100 -0.000082 -0.000135
-0.000190 0.000474 0.000108
0.000016 -0.000050 -0.000001
-21.764909 -27.440773 -24.287959
-1.339219 1.340278 0.064006
-0.056273 0.028473 0.024055
0.029948 -0.017759 -0.050426
-0.001638 0.006348 0.001367
-0.000655 0.000286 0.001468
0.000094 -0.000427 0.000098
-0.000004 0.000048 -0.000039
-24.598246 -24.559148 -24.426368
-1.283223 1.412045 -0.308214
0.052320 0.027703 -0.126867
0.001954 0.001827 0.017012
-0.003615 -0.003307 0.010465
0.000154 -0.000643 -0.000950
0.000035 0.000279 -0.000482
-0.000003 -0.000023 0.000071
-27.067596 -21.572811 -25.326080
-1.149428 1.425257 -0.401973
-0.007675 -0.044162 0.087363
-0.017293 -0.018282 0.023251
-0.000805 0.000867 -0.008272
0.000291 0.000765 -0.000553
-0.000013 -0.000052 0.000546
0.000008 -0.000004 -0.000060
-29.834953 -18.782228 -25.715075
-1.433894 1.071209 0.025601
-0.109732 -0.080370 0.068528
-0.005925 0.012237 -0.008968
0.004650 0.004032 0.003022
0.000983 -0.000324 0.000555
0.000117 -0.000112 -0.000379
-0.000046 0.000010 0.000042
-32.967072 -16.880528 -25.432534
-1.719282 0.976920 0.270247
0.029855 0.039581 0.069056
0.061383 0.019815 0.001120
0.009180 -0.002949 -0.002138
-0.001238 -0.000869 -0.000516
-0.000500 0.000018 0.000194
0.000070 0.000014 -0.000018
-35.753250 -14.608904 -24.618736
-0.679495 1.222203 0.481275
0.453866 0.026509 0.014712
0.040956 -0.029603 -0.015917
-0.014101 -0.006581 -0.000661
-0.001216 0.000568 0.000263
0.000503 0.000214 -0.000068
-0.000034 -0.000022 0.000008
-32.732178 -11.712139 -23.477200
1.835164 -0.028339 -0.056429
0.075829 -0.279094 -0.160289
-0.049377 0.019721 -0.010697
0.006618 0.009752 0.003089
0.000520 -0.000687 0.000833
-0.000341 -0.000331 0.000121
0.000034 0.000042 -0.000033
-28.576855 -12.800963 -24.420090
1.702978 -0.705022 -0.682597
-0.088498 -0.001974 -0.033433
-0.011094 0.034426 0.057840
-0.000100 -0.006412 0.008281
-0.000484 -0.000631 -0.001122
0.000194 0.000340 -0.000408
-0.000015 -0.000029 0.000052
-24.761242 -14.413738 -25.133970
0.937077 -0.410783 0.626890
-0.169146 0.054884 0.406142
0.002079 -0.000408 -0.005456
0.004168 0.002317 -0.015707
0.000251 0.000278 0.000536
-0.000107 -0.000231 0.000605
0.000003 0.000020 -0.000073
-23.297630 -15.028597 -21.657842
0.383527 -0.054813 1.902323
-0.019045 0.087541 0.070722
0.030015 -0.004363 -0.040868
-0.000991 -0.004999 0.007883
-0.000977 -0.000640 0.000237
-0.000060 0.000107 -0.000646
0.000027 0.000008 0.000087
-22.406997 -14.914830 -17.769811
0.559883 0.054018 1.879184
0.062492 -0.080458 -0.064051
-0.011731 -0.048364 -0.023408
-0.006714 -0.002589 -0.004281
0.000612 0.001353 -0.000201
0.000323 0.000223 0.000573
-0.000046 -0.000040 -0.000068
-21.081238 -15.706983 -14.218551
0.508339 -0.936855 1.159343
-0.081769 -0.295175 -0.236509
-0.009110 0.010518 -0.002944
0.006423 0.013468 0.009956
0.000140 0.000114 0.000386
-0.000394 -0.000408 -0.000486
0.000045 0.000035 0.000050
-20.360428 -18.593370 -12.690593
0.228410 -1.608794 0.447717
-0.033260 0.042641 -0.058418
0.009182 0.077377 0.041954
-0.003438 -0.000552 -0.001773
-0.000691 -0.001757 -0.001155
0.000260 0.000107 0.000237
-0.000018 0.000002 -0.000017
-20.006556 -21.342911 -11.251048
-0.034833 -0.081593 0.766619
-0.094170 0.390740 0.114666
-0.009984 -0.011298 0.000237
0.003041 -0.010961 -0.003085
0.000686 0.000349 0.000082
-0.000091 0.000151 -0.000086
-0.000001 -0.000012 0.000014
-20.686178 -19.617615 -8.710085
-0.424401 1.111754 1.140679
-0.001142 0.007921 -0.010614
0.033426 -0.068417 -0.033436
0.002314 0.001024 -0.002370
-0.000853 0.001001 0.000658
-0.000112 -0.000065 0.000162
0.000018 0.000000 -0.000022
-21.206882 -17.731400 -6.359176
0.208025 -0.047486 0.421596
0.169084 -0.355101 -0.192926
-0.013605 -0.009414 0.011630
-0.008820 0.007692 0.009069
0.000133 0.000010 -0.000080
0.000234 -0.000057 -0.000253
-0.000018 0.000001 0.000020
-20.012047 -22.492573 -5.470730
-0.282482 -1.684613 0.679350
-0.251885 0.076638 0.219610
0.002623 0.048087 -0.003470
0.008876 -0.004372 -0.008805
-0.000451 -0.001128 0.000557
-0.000282 -0.000037 0.000306
0.000038 0.000026 -0.000043
-21.749951 -25.549704 -2.995730
-1.097523 -0.932961 1.355147
-0.076105 0.154207 0.055457
0.028929 -0.034534 -0.023086
-0.002615 -0.009292 0.003510
-0.000192 0.001216 0.000034
0.000320 0.000380 -0.000383
-0.000043 -0.000056 0.000054
-24.251619 -27.333158 0.038873
-1.084548 -0.931157 1.344384
0.082472 -0.139801 -0.065820
0.029090 -0.023053 -0.027430
0.002395 0.010820 -0.003781
-0.000334 0.000610 0.000432
-0.000342 -0.000472 0.000443
0.000043 0.000042 -0.000056
-25.974562 -30.386930 2.486849
-0.204748 -1.470763 0.544842
0.229601 -0.009817 -0.206278
-0.012602 0.034166 0.019611
-0.010349 -0.002364 0.012537
-0.000009 -0.001054 -0.000042
0.000386 0.000243 -0.000509
-0.000034 -0.000016 0.000046
-25.485014 -34.397408 3.618425
0.063632 -0.993307 0.733635
-0.156562 0.096367 0.261910
-0.019765 -0.004225 0.016473
0.010035 -0.000607 -0.013110
0.000310 0.000163 -0.000069
-0.000352 -0.000114 0.000506
0.000030 0.000014 -0.000051
-26.421933 -36.555179 7.427862
-0.564188 -0.626850 1.764265
0.000300 0.014225 0.050682
0.026893 -0.018103 -0.023906
-0.004001 -0.001001 0.006135
-0.000690 0.000541 0.000043
0.000233 0.000159 -0.000492
-0.000019 -0.000026 0.000058
-27.535016 -38.155490 11.663836
-0.353155 -0.791017 1.788662
0.045591 -0.042758 -0.046373
-0.008784 0.015943 -0.029516
-0.001514 0.006824 -0.007767
0.000381 -0.000195 -0.000180
-0.000080 -0.000263 0.000461
0.000007 0.000025 -0.000040
-28.591873 -40.153118 15.428157
-0.446215 -0.115758 0.073507
-0.087844 0.225426 -0.426389
-0.017467 0.000438 0.007263
-0.000120 -0.008432 0.013649
0.000274 0.000101 -0.000113
0.000069 0.000294 -0.000454
-0.000007 -0.000030 0.000042
-30.806267 -39.122986 13.154616
-1.218086 0.649294 -1.305867
-0.144331 0.020305 -0.019847
0.016555 -0.021784 0.043399
0.006243 0.004628 -0.008973
0.000260 0.000195 -0.000921
-0.000071 -0.000283 0.000356
-0.000012 0.000035 -0.000025
-33.423404 -37.919506 10.791913
-1.415803 0.600517 -1.173608
0.080612 -0.027281 0.027544
0.058267 -0.002443 -0.020319
0.002203 -0.000443 -0.004531
-0.001406 -0.000406 0.001242
-0.000224 0.000176 0.000026
0.000042 -0.000016 -0.000013
-35.520439 -36.822216 8.248258
-0.403762 0.433266 -1.371097
0.346360 -0.054197 -0.108230
0.002893 -0.002457 -0.007904
-0.013724 0.001732 0.006060
-0.000380 0.000339 0.000405
0.000388 -0.000057 -0.000160
-0.000029 0.000000 0.000006
-34.926155 -36.073786 4.556215
0.634811 0.255137 -1.697813
0.002775 0.002972 0.021951
-0.076982 0.017992 0.035837
0.000754 0.001196 0.000258
0.001788 -0.000419 -0.001188
-0.000077 -0.000052 -0.000068
-0.000008 0.000009 0.000025
-34.324116 -35.164154 0.953821
-0.427398 0.575770 -1.140231
-0.329782 0.105523 0.129970
0.004889 0.000705 -0.021091
0.011483 -0.003936 -0.007354
-0.000384 -0.000037 0.001014
-0.000218 0.000104 0.000367
0.000019 -0.000009 -0.000049
-37.210078 -33.064024 -1.686327
-1.436070 0.906637 -1.023738
0.012215 -0.009975 -0.022464
0.052221 -0.021182 0.023773
-0.003864 0.000391 0.012871
-0.000994 0.000236 -0.000339
0.000141 -0.000069 -0.000538
-0.000005 0.000007 0.000053
-40.457191 -30.953506 -3.635751
-0.592687 0.350108 0.216323
0.152992 -0.163036 0.410273
-0.020577 -0.012269 0.006981
-0.004146 0.001381 -0.015031
0.000667 0.000349 -0.000082
0.000044 0.000082 0.000566
-0.000007 -0.000014 -0.000055
-41.497400 -31.355235 -0.398975
-0.357477 -0.585563 1.733214
-0.053587 -0.099593 0.068166
-0.010711 0.036377 -0.036917
0.004891 0.005126 0.008356
0.000232 -0.000584 0.000417
-0.000096 -0.000193 -0.000507
-0.000001 0.000018 0.000059
-42.389689 -32.542813 3.024016
-0.543030 -0.484011 1.793063
-0.011051 0.152650 -0.000947
0.021109 0.035564 -0.000898
0.001441 -0.006631 -0.000968
-0.000989 -0.001392 -0.000827
-0.000116 0.000053 0.000291
0.000032 0.000027 -0.000027
-43.340000 -32.774368 6.467456
-0.382877 0.236122 1.730498
0.065846 0.135124 -0.041943
-0.006105 -0.047188 -0.010251
-0.006592 -0.010273 0.000629
0.000166 0.001350 0.000455
0.000314 0.000419 -0.000071
-0.000033 -0.000055 -0.000000
-44.160679 -32.275345 10.404905
-0.418575 -0.194000 1.416839
-0.085319 -0.260852 -0.065871
-0.009504 -0.011168 0.002256
0.006630 0.015564 -0.000332
0.000514 0.000409 -0.000615
-0.000268 -0.000545 -0.000073
0.000019 0.000049 0.000022
-45.240992 -33.470599 12.853763
-0.663700 -0.917152 1.138242
-0.002852 -0.040057 -0.105100
0.031570 0.069723 -0.022359
0.001675 0.001824 -0.004806
-0.001067 -0.002052 0.000231
-0.000010 0.000113 0.000221
0.000012 0.000007 -0.000019
-46.463177 -35.022240 14.570779
-0.166795 -0.002635 0.016980
0.148617 0.310739 -0.328147
-0.005569 0.003074 -0.012458
-0.005931 -0.009523 0.008364
0.000402 0.000554 0.000990
0.000203 0.000231 -0.000121
-0.000027 -0.000027 -0.000010
-46.151452 -33.095137 12.533333
0.256764 1.259586 -1.238570
0.006056 0.131378 -0.001503
-0.009846 -0.019467 0.082810
0.003512 0.004452 0.001545
-0.000324 0.000166 -0.002534
-0.000294 -0.000279 -0.000317
0.000052 0.000034 0.000088
-45.702591 -30.469181 10.743509
0.226654 1.632741 -0.549538
-0.023569 0.091891 0.312824
-0.010363 -0.002217 0.006871
-0.003128 -0.000749 -0.018768
0.000027 -0.000555 0.000023
0.000359 0.000146 0.000790
-0.000043 -0.000012 -0.000082
-45.464361 -26.647158 10.727363
-0.064209 1.937345 0.307763
-0.101068 0.037821 0.019115
0.002395 -0.014492 -0.058297
0.007079 -0.000945 0.007557
0.000559 0.000127 0.002386
-0.000275 -0.000038 -0.000419
0.000016 0.000010 0.000009
-45.857520 -22.791086 11.123610
-0.217191 1.894593 0.043200
0.069736 -0.062952 -0.055479
0.046404 -0.017569 0.034617
0.000866 0.000772 0.008897
-0.001371 0.000494 -0.001881
-0.000050 0.000100 -0.000300
0.000020 -0.000028 0.000058
-45.532116 -19.015713 11.425436
0.657900 1.454976 0.426981
0.257922 -0.097937 0.189121
-0.008454 0.011777 0.004030
-0.010571 0.002784 -0.011851
0.000008 -0.001121 0.000207
0.000256 -0.000341 0.000612
-0.000018 0.000069 -0.000076
-43.391526 -16.393551 12.926068
1.291391 1.167115 0.953524
0.000871 -0.086876 0.040181
-0.062111 -0.027401 -0.026917
-0.000209 -0.009638 0.005709
0.001531 0.000598 0.001130
-0.000004 0.000626 -0.000459
-0.000016 -0.000078 0.000041
-41.106043 -14.672008 15.142481
0.516923 0.136504 1.009584
-0.271715 -0.350115 0.034213
-0.001646 -0.010309 0.013843
0.010173 0.013730 -0.000146
-0.000281 0.000763 -0.000704
-0.000264 -0.000602 0.000188
0.000026 0.000049 -0.000018
-41.339190 -16.507646 18.475447
-0.420942 -1.083338 1.432592
-0.017976 -0.002159 0.099395
0.030494 0.044084 0.002002
-0.004780 -0.008875 -0.001323
-0.000431 -0.001323 -0.000426
0.000246 0.000353 -0.000155
-0.000020 -0.000015 0.000032
-42.103537 -18.550626 21.825741
-0.268603 -0.889932 1.765583
0.061504 0.011829 0.023284
0.002852 -0.033099 -0.034189
0.000165 -0.004641 -0.005869
0.000779 0.001692 0.000491
-0.000050 0.000134 0.000303
-0.000013 -0.000040 -0.000037
-42.348003 -20.587877 25.137901
0.068365 -1.250997 1.332639
0.125146 -0.157624 -0.237597
0.020038 -0.002761 -0.033386
0.001177 0.009149 0.006862
-0.000954 -0.000096 0.000964
-0.000236 -0.000429 -0.000225
0.000051 0.000049 0.000009
-41.631649 -23.480106 26.691486
0.718732 -1.683899 0.280193
0.178839 -0.038567 -0.251225
-0.015332 0.026797 0.027102
-0.008507 -0.003223 0.005873
0.000233 -0.001213 -0.000941
0.000442 0.000235 -0.000106
-0.000053 -0.000004 0.000020
-39.529962 -27.147805 26.471978
1.045767 -1.674412 -0.307457
-0.043456 -0.005517 -0.020054
-0.028597 -0.013764 0.027624
0.006463 -0.001393 -0.004687
0.000794 0.001403 -0.000351
-0.000356 0.000167 0.000196
0.000032 -0.000043 -0.000017
-37.582613 -30.960636 25.882312
0.722651 -1.775527 -0.188141
-0.050329 0.025488 0.039086
0.017162 0.042622 -0.002944
0.001292 0.010277 -0.000716
-0.000642 -0.000732 0.000487
0.000139 -0.000490 -0.000069
-0.000012 0.000053 0.000003
-35.415646 -34.489037 25.606260
0.896479 -0.136468 -0.002475
0.106192 0.443324 0.035446
0.015995 -0.011473 0.003000
-0.000855 -0.016772 -0.000009
-0.000385 0.000338 -0.000213
-0.000110 0.000611 -0.000009
0.000017 -0.000059 0.000003
-31.368330 -32.056663 25.968591
1.650601 1.122627 0.207663
0.036900 -0.036929 0.004831
-0.043904 -0.012337 -0.013120
-0.005415 0.015301 -0.001395
0.000916 -0.000177 0.000246
0.000250 -0.000666 0.000059
-0.000033 0.000070 -0.000008
-27.635939 -28.992668 26.284628
0.853711 1.413248 -0.060869
-0.276883 0.176698 -0.090522
-0.001285 0.010045 -0.002133
0.011278 -0.011599 0.002974
-0.000055 -0.000405 0.000026
-0.000371 0.000637 -0.000086
0.000035 -0.000065 0.000008
-26.884693 -24.771359 25.676132
-0.013397 1.943640 -0.393461
-0.030156 0.000359 -0.028555
0.041963 -0.024179 0.013709
-0.004461 0.007054 -0.000156
-0.001154 0.000890 -0.000215
0.000219 -0.000457 0.000053
-0.000008 0.000038 -0.000007
-26.749422 -20.534240 24.799190
0.202247 1.888202 -0.338476
0.061218 0.021337 0.046461
-0.013789 0.014063 0.007634
-0.004236 -0.002552 -0.001168
0.000910 -0.001316 -0.000193
0.000091 0.000127 -0.000049
-0.000019 0.000004 0.000009
-26.193447 -16.159944 24.315866
0.206682 1.961966 -0.101099
-0.045224 -0.055723 0.032680
-0.002626 -0.042394 -0.015863
0.005224 -0.005995 -0.003586
0.000105 0.000855 0.000069
-0.000210 0.000196 0.000088
0.000018 -0.000023 -0.000005
-25.661642 -12.051700 23.532064
0.289338 0.186720 -0.672309
0.082084 -0.404852 -0.212988
0.003845 0.012354 -0.014821
-0.004544 0.011369 0.005455
-0.000020 -0.000337 0.000709
0.000198 -0.000320 -0.000022
-0.000020 0.000032 -0.000011
-24.377170 -13.824689 20.196376
0.571285 -1.115116 -1.576448
0.008698 -0.029390 0.001825
-0.004858 0.042820 0.068009
0.003350 -0.006420 0.005100
0.000156 -0.000613 -0.001318
-0.000176 0.000286 -0.000226
0.000016 -0.000026 0.000033
-22.873201 -16.363836 17.371752
0.685836 -0.859452 -0.327434
0.052177 0.070807 0.430738
0.005914 -0.005112 0.011851
-0.002226 -0.001276 -0.014713
-0.000353 0.000345 -0.000484
0.000108 -0.000157 0.000338
-0.000007 0.000018 -0.000021
-20.669239 -18.321621 19.105892
0.900425 -0.682760 1.204829
-0.002883 -0.027954 -0.003202
-0.015296 -0.021508 -0.088458
-0.000352 -0.001221 0.001121
0.000256 0.000591 0.001772
-0.000032 0.000188 -0.000058
0.000004 -0.000032 -0.000010
-18.666910 -20.508137 20.911688
0.613733 -1.132978 -0.108761
-0.102241 -0.099012 -0.402877
-0.007828 0.017628 0.001486
0.001841 0.006000 0.012193
0.000255 -0.000863 -0.000453
0.000032 -0.000381 -0.000238
-0.000014 0.000063 0.000021
-17.832955 -23.267614 18.926605
0.151770 -1.223857 -1.461093
-0.075517 0.033469 -0.142663
0.016238 -0.002189 0.052829
0.001587 -0.007688 -0.002612
-0.000793 0.000610 -0.001473
-0.000188 0.000601 0.000086
0.000047 -0.000087 0.000024
-17.711151 -25.454779 16.058262
0.022266 -1.225853 -1.582690
-0.014577 -0.031982 0.029393
-0.003288 0.001229 0.004674
-0.005135 0.009424 -0.006613
0.000401 0.001135 0.001161
0.000407 -0.000505 0.000396
-0.000065 0.000035 -0.000083
-17.766083 -27.583273 13.386479
-0.121472 -1.117557 -1.502361
-0.069626 0.147380 0.021503
-0.004863 0.059263 0.008918
0.004870 0.002883 0.006213
0.000531 -0.001898 0.000041
-0.000382 -0.000077 -0.000611
0.000038 0.000028 0.000076
-18.308517 -28.734829 10.398981
-0.316722 0.274572 -1.142215
0.002614 0.423507 0.133084
0.013896 0.000416 -0.001313
-0.002711 -0.013085 -0.009234
-0.000647 -0.000090 -0.000331
0.000202 0.000354 0.000554
-0.000014 -0.000028 -0.000051
-19.122105 -24.960972 7.591609
-0.257858 1.747436 -0.962935
-0.019566 -0.020336 -0.052805
-0.007423 -0.054171 0.013414
0.001634 0.006462 0.012498
0.000337 0.000888 -0.000005
-0.000093 -0.000245 -0.000518
0.000006 0.000015 0.000045
-20.097388 -20.809087 5.326626
-0.368516 0.953532 -0.122479
0.009305 -0.139807 0.341586
0.009318 0.014563 0.014099
-0.000161 0.001432 -0.014495
-0.000213 -0.000621 -0.000862
0.000031 0.000075 0.000422
-0.000002 -0.000003 -0.000025
-20.984936 -18.226814 7.984615
0.006323 0.465435 0.209982
0.053929 -0.008430 -0.368546
-0.001935 0.003014 -0.028310
-0.000459 -0.000637 0.014353
-0.000007 0.000001 0.000544
-0.000015 -0.000026 -0.000310
0.000002 0.000004 0.000017
-20.468042 -16.688896 4.960867
0.212053 0.371941 -1.295283
-0.011074 -0.042641 0.115048
-0.009806 -0.009395 0.063246
0.000145 -0.000053 -0.007419
0.000270 0.000370 -0.001549
0.000041 0.000061 0.000111
-0.000010 -0.000014 0.000019
