PIECE NUM :152, DURATION :336.021032s.
POSITION COEFFICIENT [X, Y, Z]
ROWS :1216, COLS :3.
8.433603 1.918503 1.576132
0.000000 0.000000 0.000000
0.000000 0.000000 0.000000
0.000000 0.000000 0.000000
-0.017189 0.031003 0.007965
0.004442 -0.010686 0.000062
-0.000388 0.001377 -0.000309
0.000011 -0.000064 0.000024
6.867205 3.837005 3.152264
-0.828003 0.913041 0.979874
-0.027696 0.027421 0.072972
0.036679 -0.016402 -0.059824
-0.000013 0.005293 -0.009410
-0.001436 -0.000202 0.001546
-0.000060 -0.000577 0.000423
0.000055 0.000103 -0.000074
5.690428 5.214083 4.537009
-0.702202 0.933215 0.730664
0.092309 -0.008553 -0.246766
0.010522 -0.009621 -0.066795
-0.006365 -0.003492 0.007460
0.000562 -0.000600 0.001875
0.000510 0.000487 -0.000348
-0.000088 -0.000057 0.000023
4.758709 6.741569 4.791318
-0.359008 0.747454 -0.532418
0.102297 -0.106655 -0.400897
0.009085 -0.018770 0.013151
0.005486 0.003028 0.012086
0.000241 0.000866 -0.000336
-0.000571 -0.000209 -0.000072
0.000068 -0.000003 -0.000016
4.549323 7.680428 2.682705
0.201480 0.265300 -1.602734
0.210347 -0.132200 -0.125806
0.014073 0.005654 0.075267
-0.006383 -0.000154 0.001983
-0.001244 -0.001632 -0.002251
0.000301 -0.000247 -0.000278
-0.000007 0.000114 0.000104
5.313044 7.789392 0.279562
0.814470 -0.130387 -1.514724
0.169829 -0.162389 0.156324
-0.032413 -0.027768 0.037353
-0.006477 -0.007490 -0.012048
0.001119 0.001370 0.000020
0.000233 0.000926 0.000791
-0.000054 -0.000180 -0.000133
6.785357 7.114308 -1.569244
1.052321 -0.843855 -0.930188
-0.016725 -0.300631 0.201220
-0.039987 -0.011252 -0.004739
0.003365 0.012779 -0.000964
0.000648 0.001198 0.000831
-0.000338 -0.000964 -0.000611
0.000040 0.000123 0.000090
8.162622 5.297480 -2.508915
0.799457 -1.629386 -0.390865
-0.144852 -0.200571 0.165877
-0.021332 0.048226 -0.015987
0.001696 0.004330 -0.004568
-0.000532 -0.001754 -0.000524
0.000065 0.000280 0.000297
0.000008 -0.000037 -0.000020
8.993768 2.353623 -2.807188
0.178730 -1.872373 -0.057694
-0.235885 0.047495 0.020219
-0.016973 0.045188 -0.038831
0.001061 -0.004345 -0.000060
0.000514 -0.001069 0.001277
0.000151 -0.000139 0.000074
-0.000027 0.000051 -0.000030
8.502761 -0.617622 -3.037801
-0.754900 -1.433052 -0.287446
-0.265444 0.144979 -0.116251
0.013914 -0.016657 -0.001429
0.007421 -0.010384 0.008939
0.000335 0.000824 0.000113
-0.000185 0.000497 -0.000294
0.000005 -0.000065 0.000028
6.531115 -2.828060 -3.819079
-1.396895 -1.225801 -0.534220
-0.064540 -0.040497 0.013200
0.057829 -0.032656 0.042147
0.002894 0.007295 0.001714
-0.001270 0.001871 -0.001191
-0.000123 -0.000296 0.000043
0.000033 -0.000001 0.000006
4.332701 -5.013947 -4.473564
-1.143512 -1.446577 -0.162049
0.204725 -0.033968 0.201471
0.040204 0.038889 0.026864
-0.007441 0.010553 -0.005338
-0.000649 -0.001096 -0.000419
0.000250 -0.000309 0.000114
-0.000019 0.000035 -0.000006
3.176724 -8.148434 -2.996943
0.333771 -0.251986 1.131277
0.205319 0.393563 0.158218
-0.024954 0.005529 -0.029742
-0.001225 -0.014208 -0.002215
0.000408 -0.000232 0.000489
-0.000128 0.000409 -0.000010
0.000012 -0.000041 0.000002
4.189486 -7.546005 -0.806329
0.796558 0.863658 1.388030
0.066498 0.207874 -0.006449
-0.030436 -0.069000 -0.031344
-0.001205 -0.005623 0.001724
-0.000162 0.001479 0.000480
0.000015 -0.000069 0.000008
0.000013 0.000008 -0.000014
5.483751 -5.958178 1.259610
0.757502 0.958615 1.174509
-0.097743 -0.149418 -0.112354
-0.037963 -0.071398 -0.010933
-0.000069 0.004537 0.003882
0.000683 0.001231 -0.000177
0.000163 0.000016 -0.000147
-0.000032 -0.000015 0.000018
6.310161 -5.186873 3.285506
-0.147737 -0.443314 0.622382
-0.253981 -0.365726 -0.122851
0.004736 0.021654 -0.002142
0.007343 0.013445 -0.002036
-0.000494 -0.000198 -0.000233
-0.000337 -0.000228 0.000138
0.000047 -0.000000 -0.000006
5.140413 -7.145377 3.988916
-0.950002 -1.276495 0.051943
-0.139236 0.011259 -0.173302
0.016320 0.084698 -0.008932
-0.004668 -0.002077 0.002279
-0.000644 -0.002949 0.000951
0.000312 -0.000235 0.000061
-0.000014 0.000108 -0.000042
3.240653 -8.887863 3.594883
-1.361016 -0.700079 -0.516079
-0.132326 0.265845 -0.142208
-0.007598 -0.001760 0.026360
0.000520 -0.019021 0.006015
0.001645 0.000864 -0.000839
0.000152 0.001009 -0.000424
-0.000063 -0.000146 0.000073
0.700640 -9.438012 2.532911
-1.779711 -0.098862 -0.715454
-0.091573 0.066372 0.017371
0.036112 -0.052084 0.025215
0.010435 0.005779 -0.006531
-0.000324 0.002661 -0.000958
-0.000560 -0.000636 0.000399
0.000068 0.000042 -0.000034
-2.143988 -9.580708 1.500093
-1.669463 -0.138143 -0.584674
0.185013 -0.039696 0.031551
0.064649 0.009928 -0.015884
-0.003693 0.008808 -0.003820
-0.002057 -0.001155 0.001052
0.000195 -0.000169 0.000025
0.000000 0.000026 -0.000011
-4.419827 -9.833294 0.110076
-0.203816 0.058479 -0.728063
0.348297 0.131169 -0.075897
-0.029095 0.015195 -0.000854
-0.011835 -0.006632 0.005491
0.000637 -0.000618 0.000188
0.000201 0.000247 -0.000151
-0.000016 -0.000015 0.000009
-3.356360 -8.071945 -2.958111
-0.285919 0.424858 -0.371895
-0.303940 -0.095285 0.183365
-0.000714 -0.007359 0.006394
0.013158 0.006560 -0.006075
-0.000009 0.000185 -0.000250
-0.000254 -0.000181 0.000115
0.000017 0.000012 -0.000005
-6.841081 -7.014702 -2.528427
-0.445570 0.480446 0.060895
0.331299 0.135357 -0.163455
0.029726 0.004833 -0.031524
-0.010960 -0.005559 0.004481
-0.000471 0.000036 0.000664
0.000216 0.000169 -0.000040
-0.000013 -0.000015 -0.000004
-5.760631 -4.994961 -3.740900
1.120977 0.986001 -0.991922
0.154308 0.032722 -0.149550
-0.061198 -0.015672 0.039670
-0.003468 0.002644 0.006914
0.001014 0.000528 -0.000453
-0.000024 -0.000105 -0.000104
0.000008 0.000002 -0.000002
-3.755406 -3.303067 -5.585999
1.097903 1.026134 -1.056264
-0.164090 0.011401 0.131456
-0.056195 0.007530 0.062989
0.005253 0.003003 -0.001554
0.001222 -0.000400 -0.001611
0.000065 -0.000080 -0.000127
-0.000036 0.000013 0.000042
-2.545550 -1.184925 -6.749190
0.063620 1.206594 0.000783
-0.290108 0.084406 0.342597
0.022328 0.010561 -0.007456
0.011616 -0.002065 -0.013616
-0.000856 -0.000303 0.000231
-0.000422 0.000096 0.000443
0.000055 -0.000016 -0.000044
-3.291508 1.693577 -5.576805
-0.582845 1.600781 0.936153
-0.003613 0.084589 0.057013
0.042743 -0.012342 -0.060248
-0.007232 -0.003891 0.003417
-0.001203 -0.000522 0.001793
0.000366 -0.000132 -0.000189
-0.000026 0.000044 -0.000001
-4.184699 4.697656 -4.006618
-0.378894 1.665670 0.712025
0.064668 -0.088620 -0.127536
-0.014652 -0.056012 -0.000665
-0.005577 -0.006057 0.010174
0.001004 0.001020 -0.000299
0.000046 0.000420 -0.000202
-0.000012 -0.000055 0.000014
-5.086713 7.368695 -2.690161
-0.481685 0.118875 0.552072
-0.095644 -0.442717 0.116393
-0.008930 0.005167 0.038014
0.004817 0.016011 -0.005002
0.000106 0.000006 -0.001472
-0.000165 -0.000554 0.000047
0.000018 0.000053 0.000023
-6.459790 6.065597 -0.896593
-0.835513 -1.167639 1.223983
-0.050350 -0.116498 0.129024
0.018053 0.074443 -0.042066
0.001138 -0.002580 -0.010377
-0.000295 -0.002119 0.001071
0.000099 0.000205 0.000370
-0.000019 0.000004 -0.000050
-7.810782 4.213133 1.117797
-0.848791 -1.078181 1.209530
0.044624 0.132703 -0.155229
0.021616 0.023297 -0.063061
-0.000034 -0.011059 0.004818
-0.000324 0.000014 0.001978
-0.000105 0.000251 -0.000176
0.000019 -0.000022 -0.000004
-9.225419 2.539987 2.548856
-0.416614 -0.570565 0.035012
0.135122 0.040159 -0.294652
-0.000224 -0.037422 0.030403
-0.004381 -0.001233 0.012544
0.000089 0.001150 -0.000651
0.000170 -0.000073 -0.000237
-0.000018 0.000001 0.000019
-9.521459 0.389130 1.557104
0.102048 -1.087668 -0.109227
0.036655 -0.138595 0.280770
-0.004611 0.012987 0.052728
0.003073 0.007212 -0.010330
-0.000140 0.000070 -0.001308
-0.000196 -0.000050 0.000162
0.000022 -0.000009 0.000015
-9.162349 -2.174728 2.740120
0.255790 -1.255201 1.273144
0.038582 0.107112 0.287987
-0.005378 0.060614 -0.049112
-0.004080 0.002037 -0.008945
-0.000622 -0.001353 0.002031
0.000117 -0.000182 0.000383
0.000021 0.000032 -0.000103
-8.706859 -3.664001 5.281068
0.260424 -0.464970 1.749536
-0.059382 0.363143 0.012889
-0.033066 0.031389 -0.046593
-0.001579 -0.011202 0.007245
0.001619 -0.001381 0.000166
0.000349 0.000176 -0.000771
-0.000089 0.000043 0.000128
-8.547421 -3.548783 7.696224
-0.089025 0.613897 1.569245
-0.162483 0.336733 -0.125410
-0.001629 -0.044200 -0.028137
0.011631 -0.011268 -0.002132
0.000817 0.001977 -0.000967
-0.000537 0.000607 0.000507
0.000026 -0.000135 -0.000047
-8.979582 -2.094328 9.630226
-0.430694 1.235760 0.986160
-0.026829 0.081585 -0.279087
0.054527 -0.051279 -0.037030
0.003107 0.007898 0.001980
-0.002747 0.001192 0.001378
-0.000272 -0.000785 0.000025
0.000104 0.000097 -0.000022
-9.507473 -0.195092 10.377154
-0.176581 1.243676 -0.036011
0.163487 -0.046194 -0.374088
0.011699 -0.012849 0.003480
-0.014410 0.001877 0.010582
-0.000319 -0.001281 0.000583
0.000813 0.000234 -0.000202
-0.000091 -0.000011 0.000004
-9.281869 2.121073 8.863715
0.243860 0.867367 -1.163935
-0.017271 -0.138976 -0.067016
-0.033885 -0.017820 0.083513
0.006781 0.000365 0.004233
0.001417 0.000642 -0.001663
-0.000542 0.000067 -0.000149
0.000045 -0.000016 0.000030
-9.010819 3.225911 6.825711
-0.017016 0.005428 -0.049328
-0.022156 -0.154047 0.431349
0.014670 0.024354 0.017747
-0.001676 0.005920 -0.014073
-0.000858 -0.000438 0.000001
0.000235 -0.000213 0.000373
-0.000016 0.000021 -0.000033
-9.077019 2.778906 10.331268
-0.026122 0.026389 1.898501
-0.011231 0.114814 0.098495
-0.001481 -0.004039 -0.041818
0.001780 -0.009645 0.004919
0.000175 -0.000123 0.000148
-0.000125 0.000246 -0.000358
0.000011 -0.000011 0.000050
-9.159134 3.117088 14.283072
-0.036656 0.158036 1.911529
0.014045 -0.101470 -0.075715
0.005694 -0.052912 -0.025671
-0.001002 0.000914 -0.000971
-0.000422 0.001901 0.000113
0.000026 0.000089 0.000352
0.000006 -0.000038 -0.000047
-9.150756 2.497103 17.910730
0.028002 -0.816518 1.233131
-0.008242 -0.227002 -0.188061
-0.013205 0.037349 0.008621
-0.001351 0.014002 0.008117
0.000575 -0.000894 -0.000158
0.000122 -0.000504 -0.000392
-0.000021 0.000067 0.000042
-9.161961 1.110469 19.280047
-0.068076 -1.112817 0.840625
-0.058310 0.037123 -0.083583
-0.006445 0.079669 0.035206
0.004049 -0.000053 -0.000037
0.000751 -0.002401 -0.001711
-0.000079 0.000133 0.000009
-0.000020 0.000013 0.000037
-9.396877 -0.234399 20.476697
-0.218678 -0.503669 0.788136
-0.014674 0.328362 0.023464
0.026380 0.035451 0.002986
0.004618 -0.012160 -0.008145
-0.000917 -0.000578 0.000183
-0.000287 0.000266 0.000405
0.000041 -0.000015 -0.000044
-9.390721 1.383520 22.800919
0.345939 1.208623 0.549337
0.065417 0.054292 -0.064512
-0.044950 -0.060362 0.019983
-0.007825 0.001946 0.006826
0.002173 0.001324 -0.001347
0.000614 -0.000065 -0.000567
-0.000126 -0.000010 0.000103
-8.868495 3.274290 23.642483
0.164684 0.975639 0.544419
-0.150976 -0.162518 0.048691
-0.015546 -0.020274 0.004573
0.015309 0.008611 -0.011183
0.001093 0.000110 -0.001099
-0.000833 -0.000181 0.000618
0.000075 0.000013 -0.000048
-9.100321 4.708972 24.972059
-0.050807 0.250788 0.205512
0.152763 -0.047964 -0.254376
0.045752 0.033211 -0.046528
-0.008626 -0.000443 0.007393
-0.001357 -0.000937 0.001776
0.000515 0.000046 -0.000245
-0.000040 0.000004 0.000003
-7.045912 5.854510 22.506990
1.248366 0.544429 -1.422638
0.141714 0.032860 -0.007442
-0.012388 -0.023950 0.081932
0.002715 -0.003197 0.001023
-0.000277 0.000921 -0.002311
-0.000405 0.000143 -0.000171
0.000061 -0.000029 0.000055
-4.083004 6.862950 20.232759
1.679611 0.376454 -0.636222
0.055116 -0.098822 0.319973
-0.032155 -0.006294 0.002067
-0.007312 0.006476 -0.016851
-0.000053 0.000222 0.000250
0.000443 -0.000260 0.000600
-0.000046 0.000025 -0.000070
-1.435600 7.227070 19.942001
1.511636 0.112241 0.164015
-0.179546 -0.040844 0.125790
-0.054634 0.025275 -0.066260
0.002636 0.001903 -0.001906
0.001729 -0.000918 0.002249
-0.000070 0.000022 -0.000182
-0.000012 0.000005 0.000001
0.615680 7.668168 20.184052
-0.014381 0.358237 -0.266212
-0.275571 0.098951 -0.196416
0.045016 -0.001409 0.002228
0.010755 -0.004948 0.009318
-0.001026 0.000071 -0.000478
-0.000286 0.000106 -0.000170
0.000030 -0.000008 0.000015
-0.152578 9.489469 17.907269
0.243422 0.444142 -0.669948
0.234413 -0.097127 0.089911
-0.016211 -0.014034 0.009393
-0.015310 0.003665 -0.007511
0.000476 0.000262 -0.000211
0.000431 -0.000087 0.000196
-0.000038 0.000004 -0.000013
1.274819 9.907825 16.574684
0.346868 -0.092154 -0.490697
-0.242478 -0.055971 -0.084995
-0.047781 0.018194 -0.033275
0.012146 0.000606 0.002422
0.001676 -0.000499 0.001048
-0.000283 -0.000007 -0.000040
-0.000005 0.000008 -0.000008
0.537887 9.599565 14.610861
-0.832880 -0.088241 -1.193068
-0.085835 0.037702 -0.129726
0.081533 0.003288 0.029976
0.005694 -0.001899 0.007807
-0.002943 0.000417 -0.000457
-0.000361 0.000134 -0.000170
0.000098 -0.000034 0.000013
-0.739107 9.568480 12.367921
-0.424768 0.057612 -1.243956
0.270922 0.049383 0.124418
0.025974 0.005968 0.056749
-0.018177 0.001605 -0.001471
-0.000494 -0.000321 -0.001415
0.000832 -0.000276 -0.000015
-0.000080 0.000037 0.000016
-0.190606 10.177309 10.765753
0.544515 0.359045 0.214945
0.011275 -0.004648 0.276139
-0.026370 -0.039863 -0.038958
0.011318 -0.007189 -0.011135
0.000739 0.000946 0.000812
-0.000681 0.000432 0.000288
0.000068 -0.000059 -0.000030
1.153325 10.352866 12.070851
0.657877 -0.465763 0.482874
0.090241 -0.292487 -0.184270
0.015896 -0.002999 -0.054400
-0.005605 0.013100 0.008916
-0.000803 0.000065 0.001309
0.000467 -0.000554 -0.000219
-0.000048 0.000057 0.000005
3.414330 7.710166 11.690130
1.092855 -1.380576 -0.771090
0.048329 -0.019311 -0.169596
-0.010028 0.036665 0.054983
0.001845 -0.006815 0.007207
-0.000138 -0.000698 -0.001372
-0.000379 0.000453 -0.000136
0.000061 -0.000050 0.000019
5.640876 5.141418 10.022943
1.171969 -1.235033 -0.714039
-0.023074 0.056618 0.193497
-0.025846 -0.001115 0.048999
-0.005340 -0.000825 -0.008932
0.000236 0.000633 -0.001481
0.000443 -0.000223 0.000117
-0.000054 0.000022 0.000019
7.875669 2.456667 9.726695
0.487914 -0.999166 0.408120
-0.230987 0.032393 0.118012
-0.002783 -0.009130 -0.068577
0.009698 -0.001956 -0.007259
0.000036 0.000075 0.002524
-0.000471 0.000146 0.000434
0.000056 -0.000016 -0.000089
8.059800 0.593981 10.438197
-0.203153 -1.007248 0.114209
-0.097223 -0.036524 -0.218396
0.033145 -0.008442 -0.013623
-0.002033 0.002875 0.018872
-0.001093 0.000541 0.000727
0.000273 -0.000065 -0.000749
-0.000019 -0.000001 0.000059
7.171246 -2.778165 9.737324
-0.244014 -0.998486 0.038277
0.034221 0.118839 0.279427
0.005302 0.038367 0.035126
0.000964 0.001161 -0.016052
0.000223 -0.000809 -0.001212
-0.000131 -0.000080 0.000541
0.000010 0.000012 -0.000033
7.255001 -2.858299 13.075867
0.315036 0.960635 0.558044
0.028823 0.079521 -0.257875
-0.024751 -0.071672 -0.005065
-0.002970 -0.005233 0.015854
0.000662 0.001725 0.000080
0.000166 0.000280 -0.000439
-0.000026 -0.000050 0.000035
7.802221 -1.130994 13.334292
0.058524 0.281843 -0.070805
-0.120757 -0.318134 0.065987
-0.004470 -0.013888 0.073188
0.006580 0.015619 -0.002389
0.000148 0.000314 -0.002155
-0.000243 -0.000491 0.000104
0.000022 0.000043 0.000012
7.329465 -2.135786 14.521861
-0.291017 -0.743959 1.180193
0.023197 0.025843 0.266902
0.023997 0.065880 -0.039640
-0.002535 -0.003628 -0.012532
-0.000552 -0.001339 0.001136
0.000152 0.000277 0.000323
-0.000015 -0.000024 -0.000041
7.008698 -3.002473 16.736858
-0.098562 -0.284666 1.583341
0.087797 0.246885 -0.028562
0.003824 0.027845 -0.074586
-0.003241 -0.007182 0.002236
0.000131 0.000013 0.002091
-0.000002 0.000020 -0.000113
0.000002 0.000001 -0.000008
7.382755 -1.419931 19.809664
0.239855 1.219007 0.270684
-0.012189 0.141064 -0.191740
-0.019396 -0.043180 0.056268
0.000162 -0.003077 0.010223
0.000435 0.000609 -0.001568
0.000036 0.000046 -0.000290
-0.000008 -0.000007 0.000039
7.655524 1.781083 20.366795
-0.083155 1.055468 0.596970
-0.079875 -0.191265 0.279055
0.009105 -0.031603 0.023396
0.004352 0.004810 -0.015137
-0.000134 0.000330 -0.000771
-0.000112 -0.000083 0.000397
0.000008 0.000005 -0.000023
7.324049 2.944135 22.441402
-0.192833 0.138721 1.492901
0.037926 -0.258723 0.101467
0.025679 0.007336 -0.075029
-0.001012 0.004633 -0.006667
-0.000813 -0.000247 0.002005
-0.000009 -0.000019 0.000095
0.000014 0.000000 -0.000027
7.219059 2.467234 24.944355
0.120057 -0.616174 1.108396
0.114167 -0.150054 -0.304838
-0.002788 0.030347 -0.058470
-0.005863 0.001654 0.010301
0.000017 -0.000420 0.001274
0.000166 -0.000014 -0.000234
-0.000013 0.000003 0.000008
8.202982 -0.014914 24.742843
0.240374 -0.653047 -1.030413
-0.099977 0.105454 -0.128800
-0.016386 0.011034 0.079715
0.004592 -0.003594 0.003941
0.000339 -0.000014 -0.001500
-0.000132 0.000056 -0.000055
0.000009 -0.000005 0.000013
8.027300 -0.975838 22.573223
-0.303730 -0.084642 -0.021311
-0.039743 0.060432 0.392700
0.021888 -0.016511 0.011377
0.000404 -0.001100 -0.013442
-0.000478 0.000099 -0.000292
0.000034 -0.000042 0.000200
-0.000001 0.000008 -0.000005
7.328753 -1.118032 24.745062
-0.128835 -0.166839 1.371641
0.084772 -0.102227 0.017395
0.005014 -0.023090 -0.085172
-0.002761 0.000870 -0.000058
-0.000048 0.000588 0.002160
0.000021 0.000106 0.000117
0.000000 -0.000022 -0.000041
7.439219 -2.147368 27.040953
0.198391 -0.822741 0.482368
0.041542 -0.154531 -0.319902
-0.016757 0.016952 0.008805
-0.001712 0.006912 0.017137
0.000246 -0.000199 -0.000340
0.000024 -0.000226 -0.000501
-0.000003 0.000020 0.000043
7.849940 -5.440060 26.906399
-0.154647 -0.747262 0.152117
-0.126740 0.156556 0.225405
-0.005163 0.005388 0.011068
0.003128 -0.008140 -0.016909
0.000134 -0.000021 -0.000379
-0.000035 0.000244 0.000497
0.000000 -0.000020 -0.000037
5.947156 -6.849526 28.617706
-0.694943 -0.359778 -0.017616
0.037992 -0.062121 -0.358117
0.026217 -0.002327 -0.033012
-0.000799 0.006894 0.013208
-0.000547 -0.000079 0.000433
-0.000028 -0.000249 -0.000421
0.000013 0.000027 0.000040
4.790466 -7.917052 26.461031
-0.189512 -0.412098 -1.654548
0.131328 0.070348 -0.222283
-0.005610 0.022097 0.048335
-0.003461 -0.002371 0.001184
0.000632 -0.000357 -0.000830
0.000192 0.000211 0.000246
-0.000048 -0.000037 -0.000024
4.783989 -8.321629 23.475071
0.155527 -0.063013 -1.990137
0.085748 0.137714 0.010583
-0.006971 0.006791 0.049267
0.002110 -0.002357 0.000524
-0.000066 -0.000282 0.000240
-0.000339 -0.000195 -0.000021
0.000054 0.000045 -0.000021
5.202840 -8.090639 20.646372
0.384346 0.357279 -1.603937
0.062887 0.118050 0.246191
-0.009401 -0.019331 0.052579
-0.003491 -0.005669 -0.000987
-0.000526 0.000150 -0.000980
0.000238 0.000289 -0.000246
-0.000019 -0.000032 0.000040
6.255876 -6.932861 18.815683
0.318557 0.384180 0.251456
-0.116317 -0.109405 0.392577
-0.028829 -0.020742 -0.038705
0.001847 0.005845 -0.014661
0.000599 0.000376 0.000441
-0.000085 -0.000259 0.000439
0.000004 0.000022 -0.000039
5.251659 -7.045007 21.408815
-0.981397 -0.379161 0.335526
-0.183151 -0.076728 -0.336493
0.015223 0.001424 -0.022194
0.002095 -0.002375 0.015676
-0.000281 0.000455 -0.000052
-0.000001 0.000266 -0.000487
0.000008 -0.000045 0.000049
3.104144 -7.930229 20.998596
-1.445605 -0.643904 -0.740245
-0.078744 -0.067442 -0.222831
0.023776 0.011962 0.049649
0.001099 0.005325 0.002286
0.000218 0.000385 -0.002027
0.000097 -0.000280 0.000106
-0.000033 0.000019 0.000016
0.424090 -9.173547 19.240239
-1.460336 -0.655882 -1.096923
0.084117 0.084729 -0.006298
0.037778 0.036979 0.019141
0.001055 -0.000932 -0.007535
-0.000970 -0.001372 0.000188
-0.000319 -0.000048 0.000308
0.000060 0.000030 -0.000034
-1.936303 -9.908259 16.999472
-0.717486 0.017140 -1.075709
0.220016 0.179754 -0.007077
-0.012964 -0.018490 -0.002633
-0.010806 -0.008759 0.003539
0.000482 0.000775 0.000920
0.000552 0.000394 -0.000190
-0.000073 -0.000063 -0.000001
-2.690342 -9.455780 15.029956
-0.230885 0.349647 -1.011535
0.021499 -0.012412 0.074747
-0.036453 -0.032917 0.030577
0.005857 0.004622 0.002168
0.001411 0.000631 -0.001234
-0.000384 -0.000420 -0.000199
0.000028 0.000052 0.000041
-3.478735 -9.021243 13.350368
-0.331565 -0.123884 -0.157839
0.037378 -0.129529 0.140167
0.030240 -0.004927 -0.037632
0.002123 0.003275 -0.007944
-0.000546 0.001834 0.001829
0.000142 0.000569 0.000578
-0.000089 -0.000427 -0.000275
-3.612407 -9.099116 13.305079
-0.281788 -0.237070 -0.060057
0.078523 -0.130609 0.084234
0.033009 0.004545 -0.047344
0.001091 0.007624 -0.003152
-0.000527 0.001639 0.002252
-0.000127 -0.000720 -0.000252
0.000016 0.000056 0.000011
-2.381045 -10.293197 12.360716
1.105506 0.026951 -0.729685
0.162027 0.170548 -0.116802
-0.042566 -0.016489 0.028838
-0.006863 -0.012019 0.006581
0.001082 0.001151 -0.000171
0.000277 0.000675 0.000026
-0.000048 -0.000112 -0.000025
-0.202922 -9.887894 10.928875
1.199840 0.312130 -0.738991
-0.108870 -0.020003 0.144136
-0.043142 -0.029298 0.064434
0.006411 0.008152 0.001549
0.000886 0.000991 -0.001506
-0.000314 -0.000705 -0.000278
0.000028 0.000076 0.000057
1.481175 -9.463605 10.462052
0.514975 0.127234 0.428442
-0.202005 -0.040885 0.416747
0.007239 0.006265 0.009497
0.004536 -0.002428 -0.014229
-0.000573 -0.001304 -0.000385
0.000058 0.000302 0.000475
-0.000006 -0.000017 -0.000041
1.730818 -9.489539 14.014801
-0.173744 -0.252951 1.951598
-0.036136 -0.155167 0.064973
0.026252 -0.027178 -0.063259
-0.000854 0.001216 0.003674
-0.000549 0.001066 0.001143
-0.000055 -0.000001 -0.000280
0.000014 -0.000010 0.000025
1.423637 -10.682817 17.600555
-0.088684 -1.040626 1.652825
0.053952 -0.215721 -0.179680
-0.001282 0.016041 -0.020803
-0.005637 0.008856 0.005438
-0.000091 0.000275 -0.000127
0.000135 -0.000138 0.000058
-0.000010 -0.000010 -0.000012
1.375441 -13.016458 19.894785
-0.026787 -1.460304 0.941192
-0.047106 0.026248 -0.191151
-0.032496 0.068729 0.015847
-0.002087 0.003012 0.004675
0.000672 -0.001808 -0.000313
0.000009 -0.000256 -0.000093
0.000000 0.000052 0.000008
0.559092 -15.495984 21.397762
-0.825016 -0.318682 0.470645
-0.256577 0.333473 0.009900
-0.010782 -0.018376 0.025932
0.006832 -0.015619 -0.003338
0.000802 0.000858 -0.000682
0.000009 0.000623 0.000042
-0.000031 -0.000076 0.000007
-1.828854 -15.202783 22.419052
-1.674396 0.441353 0.657108
-0.136874 0.038879 0.052310
0.055794 -0.056646 -0.014162
0.007771 0.007545 -0.005985
-0.001350 0.002302 0.000272
-0.000395 -0.000364 0.000129
0.000071 -0.000005 -0.000009
-4.541213 -14.572498 23.489723
-1.629132 0.310517 0.639473
0.165947 -0.061683 -0.081933
0.055934 0.018027 -0.037018
-0.007813 0.011516 -0.000361
-0.001417 -0.001373 0.001005
0.000381 -0.000419 0.000027
-0.000027 0.000062 -0.000011
-6.917673 -13.859609 24.157736
-0.519161 0.531478 -0.129894
0.265467 0.162495 -0.232355
-0.021228 0.016770 0.003616
-0.006125 -0.010800 0.008641
0.000856 -0.000808 0.000335
-0.000028 0.000507 -0.000131
0.000001 -0.000041 -0.000003
-7.100277 -11.954255 22.977096
0.173174 1.059524 -0.734329
0.027791 0.004692 0.032288
-0.038795 -0.043148 0.065677
0.001638 0.001875 0.001587
0.000572 0.001674 -0.001703
-0.000015 -0.000134 -0.000175
-0.000005 -0.000006 0.000040
-6.946766 -9.884881 22.178164
-0.163399 0.665667 0.263713
-0.130989 -0.094598 0.309251
-0.001922 0.024059 -0.012940
0.005030 0.008042 -0.014969
-0.000150 -0.000813 0.000273
-0.000090 -0.000228 0.000462
0.000008 0.000025 -0.000041
-8.396639 -7.654064 24.565004
-0.605794 1.112693 0.694774
0.019559 0.184265 -0.198422
0.018611 -0.009396 -0.030612
-0.001844 -0.011572 0.012953
-0.000206 -0.000077 0.000603
0.000084 0.000308 -0.000427
-0.000009 -0.000023 0.000035
-9.344274 -5.193477 25.128633
-0.397596 1.437589 -0.028640
0.082135 -0.060990 -0.127348
0.005006 -0.068127 0.045591
-0.001458 -0.001939 0.004585
0.000081 0.001650 -0.001633
-0.000031 0.000009 0.000017
0.000005 -0.000015 0.000012
-9.800754 -2.968227 24.998842
0.018009 0.062008 0.177074
0.070945 -0.411814 0.164674
-0.006918 -0.003313 0.011906
-0.000501 0.011441 -0.007776
0.000303 -0.000112 0.000133
0.000061 -0.000247 0.000221
-0.000013 0.000019 -0.000023
-9.377212 -5.186861 26.484290
0.294553 -1.499788 0.865469
0.058596 -0.115435 0.060367
0.008647 0.052511 -0.018995
0.001534 -0.003042 0.002263
-0.000610 -0.001212 0.000341
-0.000179 0.000105 -0.000194
0.000041 0.000008 0.000025
-8.693528 -7.768359 28.005175
0.555336 -1.542984 0.952073
0.089618 0.054030 0.003485
-0.003312 0.011141 -0.005807
-0.004424 -0.007467 0.001046
-0.000069 0.000290 -0.000167
0.000288 0.000199 0.000091
-0.000036 -0.000023 -0.000014
-7.472459 -10.356174 29.694865
0.762719 -1.382369 0.930940
0.013435 0.008680 -0.008678
-0.017087 -0.018623 0.001628
0.001579 -0.000022 0.001059
0.000607 0.000852 -0.000150
-0.000162 -0.000094 -0.000088
0.000012 0.000010 0.000013
-6.147107 -12.880190 31.338539
0.699622 -1.493890 0.925242
-0.033390 -0.053413 0.003158
-0.000614 0.001234 -0.001088
0.001691 0.005142 -0.001979
-0.000311 0.000541 -0.000255
-0.000010 0.000036 0.000068
0.000002 -0.000027 -0.000001
-4.972359 -15.711137 33.007323
0.594654 -1.523821 0.871519
-0.022803 0.083828 -0.047038
0.000798 0.050866 -0.016183
-0.001301 0.006217 -0.001137
-0.000308 -0.000925 0.000413
0.000010 -0.000303 0.000054
0.000007 0.000038 -0.000009
-3.657805 -18.101543 34.673336
0.355061 0.025188 0.334755
-0.098423 0.457453 -0.132939
-0.018795 0.008211 0.003977
-0.000018 -0.012989 0.004055
0.000835 -0.000245 -0.000040
0.000137 0.000391 -0.000112
-0.000029 -0.000038 0.000009
-3.547652 -15.722356 34.881174
-0.273271 1.732755 -0.058429
-0.100763 0.168833 -0.012154
0.033049 -0.066725 0.019871
0.008031 -0.000686 -0.001841
-0.000619 0.000802 -0.000608
-0.000341 -0.000244 0.000032
0.000043 0.000044 0.000011
-4.075773 -12.718165 34.820783
-0.236015 1.753350 0.011480
0.137906 -0.150908 0.035409
0.049799 -0.060109 -0.002858
-0.004219 0.002802 -0.003780
-0.001563 0.000875 0.000347
0.000149 0.000259 0.000161
0.000005 -0.000049 -0.000023
-3.729732 -10.235750 34.918770
0.665815 0.641130 0.047719
0.251794 -0.346143 -0.020885
-0.018280 0.009401 -0.006838
-0.009539 0.013405 0.002798
0.000623 -0.000038 0.000366
0.000222 -0.000414 -0.000158
-0.000024 0.000034 0.000011
-0.264985 -10.352517 34.917919
1.064897 -0.126072 0.027294
-0.121714 0.145760 0.035088
-0.017853 0.032705 0.003918
0.007513 -0.011243 -0.002811
-0.000164 -0.000599 -0.000274
-0.000305 0.000356 0.000091
0.000030 -0.000024 -0.000004
1.902855 -9.024441 35.176846
0.093380 0.509100 -0.069008
-0.194886 -0.067303 -0.096278
-0.037493 -0.014559 -0.011647
-0.004471 0.007935 0.003070
0.001711 0.000432 0.000507
0.000475 -0.000262 -0.000020
-0.000088 0.000016 -0.000013
0.402806 -8.105877 34.382842
-1.394907 0.352008 -0.511390
-0.280072 0.066492 -0.028797
0.052383 0.031678 0.026539
0.013507 -0.002495 0.000445
-0.002637 -0.001424 -0.001497
-0.001058 0.000013 -0.000248
0.000239 0.000036 0.000094
-2.014200 -7.378091 33.652664
-1.795431 0.685829 -0.458497
-0.000092 0.135143 0.042868
0.047687 -0.006355 -0.002914
-0.013497 -0.008544 -0.008169
-0.001290 0.000287 0.000511
0.001367 0.000380 0.000709
-0.000183 -0.000046 -0.000110
-4.491800 -6.173968 33.051117
-1.650311 0.950104 -0.419623
0.063960 0.029834 -0.024107
-0.002726 -0.033861 -0.013875
0.000447 0.000441 0.005963
0.002592 0.001579 0.001886
-0.000460 -0.000078 -0.000388
0.000013 -0.000020 0.000008
-6.879553 -4.744780 32.339539
-1.414855 0.845274 -0.471558
0.116321 -0.072923 0.034766
0.030475 -0.003179 0.040875
0.005614 0.007270 0.007611
-0.001045 -0.000144 -0.001333
-0.000325 -0.000294 -0.000307
0.000052 0.000035 0.000044
-8.994990 -3.222632 31.948170
-0.481423 0.699779 0.302200
0.309521 0.028845 0.317198
0.007988 0.021298 0.020709
-0.009866 -0.002194 -0.012143
-0.000368 -0.000623 -0.001142
0.000434 0.000217 0.000337
-0.000041 -0.000020 -0.000012
-8.414611 -0.967885 34.631265
0.731375 1.095407 1.471532
0.103614 0.096210 -0.010901
-0.032327 0.001273 -0.083472
0.004261 -0.000356 -0.000312
0.000641 -0.000013 0.002405
-0.000304 -0.000138 0.000119
0.000030 0.000015 -0.000051
-6.750027 1.560948 36.917381
0.900091 1.459038 0.628692
0.010999 0.072731 -0.332559
-0.004370 -0.015117 -0.001360
0.000994 -0.004436 0.016611
-0.000481 -0.000398 -0.000362
0.000114 0.000073 -0.000588
-0.000011 0.000007 0.000070
-5.034681 4.412518 37.091254
0.903964 1.439830 -0.279993
-0.008730 -0.117222 -0.085931
-0.003587 -0.049842 0.063185
-0.000055 -0.002619 -0.001764
-0.000016 0.000959 -0.001783
-0.000032 0.000166 0.000337
0.000006 -0.000026 -0.000022
-2.865084 6.516132 36.673969
0.774230 -0.032837 0.190788
-0.047779 -0.394961 0.196689
-0.007165 0.002031 0.008833
-0.000011 0.010798 -0.004350
0.000286 -0.000009 0.000393
0.000072 -0.000293 -0.000051
-0.000013 0.000025 0.000002
-1.221199 4.110899 38.574063
0.463419 -1.455531 1.163517
-0.032730 -0.071326 0.123046
0.017732 0.048851 -0.025315
0.002958 -0.004270 -0.003158
-0.000481 -0.001008 -0.000111
-0.000167 0.000169 -0.000012
0.000027 -0.000000 0.000011
-0.303696 1.320835 41.039324
0.568564 -1.351961 1.260873
0.081686 0.078532 -0.096953
0.011965 0.002632 -0.049969
-0.004167 -0.004670 -0.002067
-0.000299 0.000918 0.000632
0.000199 0.000165 0.000141
-0.000021 -0.000037 -0.000017
1.364044 -1.286555 42.806351
0.932947 -1.039315 0.133106
0.055595 0.075968 -0.387845
-0.013860 0.010864 -0.022017
-0.000785 0.003764 0.008680
0.000220 -0.000609 0.000757
-0.000120 -0.000398 -0.000122
0.000017 0.000069 -0.000017
3.117729 -2.817622 41.783748
0.983269 -0.638046 -1.241125
-0.032706 0.137140 -0.322135
-0.020020 -0.002334 0.044151
-0.001158 -0.006956 0.006283
0.000076 -0.000265 -0.001670
0.000093 0.000462 -0.000332
0.000002 -0.000044 0.000113
4.368983 -3.472319 39.556934
0.766766 -0.337050 -1.850494
-0.122528 0.060309 -0.115545
-0.019693 -0.026966 0.043608
0.002275 0.000566 -0.004343
0.000935 0.001825 0.000165
0.000112 0.000037 0.000770
-0.000056 -0.000057 -0.000167
5.113897 -3.850913 37.101837
0.391724 -0.286910 -1.956077
-0.155884 -0.002080 0.030368
0.006451 0.001671 0.040529
0.006920 0.008972 0.003352
-0.000104 0.000182 0.000373
-0.000385 -0.000468 -0.000715
0.000054 0.000050 0.000095
5.404082 -4.241056 34.358245
0.043126 -0.169660 -1.553417
-0.056009 0.107152 0.233402
0.029180 0.036925 0.037065
-0.000554 0.000317 -0.006931
-0.000991 -0.001654 -0.001554
0.000191 0.000065 0.000292
-0.000011 0.000011 -0.000011
5.462441 -3.942548 32.375092
0.094201 0.562795 -0.505145
0.062524 0.229028 0.236627
0.010003 -0.007271 -0.037490
-0.002302 -0.009199 -0.008409
0.000336 -0.000032 0.000960
0.000039 0.000216 0.000143
-0.000018 -0.000009 -0.000014
5.910032 -2.219768 31.933863
0.396893 1.128653 -0.161793
0.091146 0.025653 -0.070743
0.002029 -0.052588 -0.053578
-0.001182 0.000053 0.005079
-0.000537 0.001777 0.001550
-0.000193 0.000103 -0.000039
0.000045 -0.000046 -0.000025
6.799614 -0.507437 31.293623
0.664669 0.853850 -0.687727
0.048540 -0.154286 -0.194411
-0.025764 -0.006974 0.011776
-0.006362 0.011628 0.012351
0.000132 0.000168 -0.000249
0.000329 -0.000429 -0.000326
-0.000032 0.000038 0.000028
8.224945 1.182934 28.612268
-0.017392 0.611419 -0.670912
-0.252156 0.121484 0.251212
-0.005302 0.025077 0.044984
0.010080 -0.008017 -0.008125
0.000223 -0.000598 -0.000844
-0.000318 0.000342 0.000258
0.000024 -0.000029 -0.000018
6.441423 4.195655 29.374266
-0.833052 1.261962 1.119920
0.043668 0.020945 0.208187
0.032682 -0.021554 -0.041013
-0.006539 0.002066 -0.003149
-0.000877 0.000113 0.000350
0.000197 -0.000263 -0.000126
-0.000007 0.000037 0.000029
5.142187 6.541666 31.936421
-0.522857 1.145364 1.393991
0.062945 -0.081481 -0.079530
-0.024907 -0.020889 -0.056560
-0.005910 -0.002174 0.000211
0.000832 -0.000065 0.001079
0.000103 0.000232 0.000254
-0.000013 -0.000022 -0.000043
3.571815 8.561487 34.219601
-0.901160 0.221823 0.153809
-0.188762 -0.239920 -0.250408
-0.013015 0.000105 0.041188
0.007520 0.007128 0.012928
0.000548 0.000387 -0.001303
-0.000139 -0.000175 -0.000553
-0.000000 0.000010 0.000083
1.720610 8.372027 34.067021
-1.459563 -0.412011 -0.192286
-0.132621 -0.135593 0.046605
0.036383 0.042636 0.065749
0.006753 0.005177 -0.006201
-0.000746 -0.000715 -0.002233
-0.000139 -0.000062 0.000353
0.000021 0.000005 -0.000010
-0.304605 7.712934 34.015842
-1.573631 -0.514357 0.183226
0.057020 0.065155 0.205349
0.054914 0.055242 0.010210
0.000023 -0.000661 -0.012590
-0.001072 -0.001024 0.000143
0.000056 -0.000017 0.000257
0.000001 0.000009 -0.000020
-3.218765 8.427838 36.119797
0.207756 1.135770 0.505440
0.313127 0.222673 -0.194144
-0.022735 -0.045973 -0.036219
-0.007258 -0.008471 0.006462
0.000304 0.000873 0.000342
0.000077 0.000200 -0.000238
0.000003 -0.000020 0.000027
-2.016029 10.878942 36.251191
0.972431 1.353186 -0.405499
0.077789 -0.118532 -0.270809
-0.055099 -0.062333 0.003711
-0.000077 0.005189 0.003432
0.001349 0.001683 -0.000390
0.000115 -0.000051 0.000104
-0.000037 -0.000031 -0.000016
-0.384416 12.598501 34.815437
0.816101 0.569299 -1.239137
-0.135098 -0.279235 -0.203087
-0.015870 0.007825 0.021191
0.010045 0.011956 0.001767
0.000272 -0.000725 -0.000337
-0.000326 -0.000420 -0.000093
0.000024 0.000054 0.000017
0.758305 12.817592 31.583424
0.373142 -0.194534 -1.787442
-0.021739 -0.060138 -0.067751
0.036690 0.035948 0.016031
-0.000573 -0.005786 -0.002305
-0.001597 -0.001087 0.000074
0.000025 0.000361 0.000159
0.000025 -0.000020 -0.000019
1.534111 12.414161 28.240480
0.561450 -0.217674 -1.911883
0.086257 0.007097 -0.004687
-0.006667 -0.006198 0.013203
-0.008614 -0.002252 0.002121
0.000363 0.001417 0.000480
0.000340 0.000105 -0.000084
-0.000043 -0.000039 -0.000004
2.716562 12.011441 24.873580
0.652581 -0.227752 -1.733966
-0.060345 0.013995 0.122023
-0.032900 0.021583 0.032914
0.002490 0.007586 0.001562
0.001111 -0.000139 -0.000691
-0.000202 -0.000391 -0.000132
0.000010 0.000037 0.000021
3.614909 12.191488 21.685642
-0.048114 0.641647 -0.474271
-0.131027 0.292749 0.279272
0.013576 0.008312 -0.013318
0.002133 -0.011580 -0.007720
-0.000666 -0.000821 0.000384
-0.000018 0.000307 0.000265
0.000009 -0.000014 -0.000030
2.973768 15.052310 21.763877
-0.426881 1.544351 0.353069
-0.046071 -0.018919 0.055114
0.001618 -0.081290 -0.028453
-0.003192 -0.002261 0.004922
0.000095 0.001865 0.000602
0.000126 0.000075 -0.000234
-0.000014 -0.000026 0.000018
1.712453 17.567848 22.661339
-0.717825 0.336869 0.406437
-0.090748 -0.427620 0.013639
-0.006202 -0.011707 0.009140
0.001792 0.014076 0.000931
0.000261 0.000055 -0.000655
-0.000102 -0.000339 0.000050
0.000008 0.000025 0.000001
-0.983574 15.696547 24.053210
-1.207863 -1.339744 0.629629
-0.067338 -0.079529 0.040360
0.006665 0.056422 -0.007794
-0.000444 -0.005383 -0.001776
-0.000165 -0.001524 0.000309
0.000050 0.000149 0.000066
0.000002 0.000022 -0.000011
-3.493904 13.142498 25.333479
-1.406911 -1.247693 0.675827
-0.039182 0.061137 -0.014509
0.005296 -0.009372 -0.006222
0.001280 -0.006514 0.002003
0.000586 0.001841 0.000192
0.000081 0.000439 -0.000087
-0.000029 -0.000095 0.000005
-6.191902 10.939540 26.529241
-1.426614 -1.143603 0.610113
0.056170 0.026900 -0.008344
0.033379 0.022841 0.006328
0.004323 0.011977 0.000436
-0.000649 -0.000195 -0.000402
-0.000302 -0.000803 -0.000019
0.000039 0.000089 0.000007
-8.792433 8.928634 28.031496
-0.526057 -0.236791 0.637104
0.271960 0.328868 -0.001682
-0.001203 0.006730 -0.009920
-0.010480 -0.016582 -0.002557
-0.000168 -0.000831 0.000205
0.000368 0.000715 0.000103
-0.000029 -0.000056 -0.000011
